Sample	1	2	3	4	5	6	7	8	9	10	11	12	13	14	15	16	17	18	19	20	21	22	23	24	25	26	27	28	29	30	31
Zdi-ADup_001-Ex1-11B-lcwgs-1-2	96.8649966909936	3.069736583162347	0.06211133706278144	0.0017437674843829014	0.000332146187501505	0.00012455482031306438	4.1518273437688126e-05	8.303654687537625e-05	8.303654687537625e-05	4.1518273437688126e-05	8.303654687537625e-05	4.1518273437688126e-05	0.0	0.00012455482031306438	0.0	4.1518273437688126e-05	0.0	0.0	4.1518273437688126e-05	0.0	0.0	0.0	0.0	0.0	4.1518273437688126e-05	4.1518273437688126e-05	0.0	0.0	0.0	0.0	0.00029062791406381694
Zdi-ADup_002-Ex1-9G-lcwgs-1-2	97.94223783719407	2.0332281307687725	0.018579169892216994	0.0016673614005835767	0.0002381944857976538	0.0004763889715953076	0.0007145834573929614	0.0004763889715953076	0.0	0.0	0.0004763889715953076	0.0002381944857976538	0.0004763889715953076	0.0002381944857976538	0.0	0.0	0.0	0.0	0.0	0.0	0.0002381944857976538	0.0	0.0	0.0004763889715953076	0.0	0.0	0.0	0.0	0.0	0.0	0.0002381944857976538
Zdi-ADup_003-Ex1-9H-lcwgs-1-2	97.71937152657478	2.252781708345071	0.02331357076478226	0.0005396659899255153	0.0006475991879106184	0.00010793319798510306	0.0004317327919404122	0.0002158663959702061	0.00010793319798510306	0.00010793319798510306	0.0003237995939553092	0.0002158663959702061	0.00010793319798510306	0.0	0.0	0.0	0.0	0.0	0.0003237995939553092	0.0	0.0	0.0	0.0	0.0	0.00010793319798510306	0.0	0.00010793319798510306	0.0	0.00010793319798510306	0.0002158663959702061	0.0008634655838808244
Zdi-ADup_004-Ex1-10A-lcwgs-1-2	97.47150249206638	2.4826187461300413	0.04248033500332026	0.0012234336480956235	0.00020390560801593726	6.796853600531242e-05	0.0004078112160318745	0.00013593707201062485	6.796853600531242e-05	0.00013593707201062485	0.0	0.00013593707201062485	0.0	6.796853600531242e-05	0.0	0.0	0.00013593707201062485	0.0	6.796853600531242e-05	0.0	6.796853600531242e-05	0.0	6.796853600531242e-05	0.0	0.0	6.796853600531242e-05	6.796853600531242e-05	0.0	0.0	0.0	0.00047577975203718693
Zdi-ADup_005-Ex1-10B-lcwgs-1-2	99.4727602072508	0.5173831052657029	0.0033475542396774445	0.0005579257066129074	0.000929876177688179	0.00037195047107527163	0.00037195047107527163	0.00037195047107527163	0.00018597523553763582	0.0	0.0	0.00018597523553763582	0.00037195047107527163	0.00018597523553763582	0.00018597523553763582	0.00018597523553763582	0.0	0.00018597523553763582	0.0	0.0	0.00018597523553763582	0.0	0.00037195047107527163	0.0	0.0	0.00037195047107527163	0.00018597523553763582	0.0	0.0	0.0	0.0013018266487634508
Zdi-ADup_006-Ex1-10C-lcwgs-1-2	97.75136413131756	2.212088579799426	0.030380873886285294	0.0009024021946421373	0.0006016014630947582	0.00015040036577368955	0.00045120109732106866	0.00045120109732106866	0.00045120109732106866	0.0	0.0	0.0003008007315473791	0.0003008007315473791	0.0	0.00015040036577368955	0.0003008007315473791	0.00015040036577368955	0.00015040036577368955	0.0	0.00015040036577368955	0.0003008007315473791	0.0	0.0	0.0	0.0	0.0	0.0	0.00015040036577368955	0.0	0.0	0.0012032029261895164
Zdi-ADup_007-Ex1-10D-lcwgs-1-2	98.04514392213709	1.9243114516463034	0.023641885828673985	0.0012079795678884516	0.0005177055290950508	0.0006902740387934009	0.0010354110581901016	0.00034513701939670047	0.00017256850969835024	0.0	0.0	0.00017256850969835024	0.00017256850969835024	0.0	0.0	0.0	0.0	0.00017256850969835024	0.0	0.00017256850969835024	0.0	0.0	0.00034513701939670047	0.0	0.0	0.0	0.00017256850969835024	0.0	0.00017256850969835024	0.00034513701939670047	0.0012079795678884516
Zdi-ADup_008-Ex1-10E-lcwgs-1-2	99.39577039274926	0.5809900069718801	0.023239600278875203	0.0	0.0	0.0	0.0	0.0	0.0	0.0	0.0	0.0	0.0	0.0	0.0	0.0	0.0	0.0	0.0	0.0	0.0	0.0	0.0	0.0	0.0	0.0	0.0	0.0	0.0	0.0	0.0
Zdi-ADup_009-Ex1-10F-lcwgs-1-2	97.18305669695208	2.7608660418911057	0.0543993288270681	0.0011059099446091658	5.720223851426719e-05	7.626965135235626e-05	0.0	3.813482567617813e-05	5.720223851426719e-05	0.0	0.0	1.9067412838089065e-05	0.0	0.0	0.0	0.0	0.0	0.0	1.9067412838089065e-05	1.9067412838089065e-05	3.813482567617813e-05	0.0	0.0	0.0	3.813482567617813e-05	3.813482567617813e-05	0.0	0.0	0.0	0.0	0.0001716067155428016
Zdi-ADup_010-Ex1-10G-lcwgs-1-2	97.47344344085937	2.4855389472343714	0.03578552181954324	0.002517326362478214	0.0011846241705779832	0.00039487472352599435	9.871868088149859e-05	0.0001480780213222479	0.0001480780213222479	9.871868088149859e-05	0.0	0.0	4.9359340440749294e-05	0.0	0.0001480780213222479	0.0	0.0	4.9359340440749294e-05	0.0	0.0	0.0	0.0	0.0	0.0	0.0	4.9359340440749294e-05	0.0	0.0	0.0	0.0	0.00034551538308524507
Zdi-ADup_011-Ex1-10H-lcwgs-1-2	98.06572071693874	1.903094127195455	0.01879105545760218	0.001999048452936402	0.0003998096905872805	0.0011994290717618414	0.0003998096905872805	0.001599238762349122	0.0003998096905872805	0.0	0.0011994290717618414	0.000799619381174561	0.0	0.0	0.000799619381174561	0.0003998096905872805	0.0	0.000799619381174561	0.0	0.0	0.0	0.0	0.0003998096905872805	0.0	0.000799619381174561	0.0	0.0	0.0	0.0	0.0	0.0011994290717618414
Zdi-ADup_012-Ex1-11A-lcwgs-1-2	73.45107998056865	20.132464978139726	5.065422849221363	1.0991354626203105	0.2079392098704971	0.03783585243227659	0.00493682834450373	0.00039494626756029843	0.00023696776053617905	0.0	3.949462675602984e-05	3.949462675602984e-05	3.949462675602984e-05	0.0	0.0	3.949462675602984e-05	0.0	0.0	3.949462675602984e-05	3.949462675602984e-05	0.0	0.0	0.0	0.0	0.0	0.0	0.0	7.898925351205968e-05	0.0	0.0	0.00023696776053617905
Zdi-ADup_013-Ex1-12F-lcwgs-1-2	99.01044982224529	0.9672206606794832	0.01606158245761799	0.0011752377408013163	0.0	0.0007834918272008775	0.0001958729568002194	0.0	0.0003917459136004388	0.0001958729568002194	0.0	0.0001958729568002194	0.0001958729568002194	0.0001958729568002194	0.0003917459136004388	0.0001958729568002194	0.0003917459136004388	0.0	0.0003917459136004388	0.0	0.0	0.0	0.0	0.0001958729568002194	0.0001958729568002194	0.0	0.0	0.0001958729568002194	0.0001958729568002194	0.0	0.0007834918272008775
Zdi-ADup_014-Ex1-11C-lcwgs-1-2	97.35734346730774	2.5749888410170905	0.06262354588221633	0.0023793140532756968	0.00047586281065513933	0.0003806902485241115	0.0	0.00019034512426205574	9.517256213102787e-05	0.00019034512426205574	0.00019034512426205574	0.0	9.517256213102787e-05	0.0	0.0	0.0	0.0	0.0	0.0	9.517256213102787e-05	0.0	0.0	0.0	0.0	0.0	0.0	9.517256213102787e-05	0.0	0.0	0.00019034512426205574	0.000666207934917195
Zdi-ADup_015-Ex1-11D-lcwgs-1-2	98.56157663031641	1.413843476036602	0.01778545150067245	0.0005995096011462623	0.0011990192022925247	0.0003996730674308416	0.0003996730674308416	0.0001998365337154208	0.0003996730674308416	0.0001998365337154208	0.0003996730674308416	0.0001998365337154208	0.0001998365337154208	0.0001998365337154208	0.0	0.0001998365337154208	0.0	0.0003996730674308416	0.0	0.0001998365337154208	0.0003996730674308416	0.0001998365337154208	0.0001998365337154208	0.0001998365337154208	0.0001998365337154208	0.0	0.0	0.0	0.0	0.0	0.0003996730674308416
Zdi-ADup_016-Ex1-11E-lcwgs-1-2	98.18600621198671	1.7856800720403119	0.02192716349787221	0.0010644254125180687	0.0017030806600289098	0.0012773104950216823	0.00021288508250361373	0.0	0.00021288508250361373	0.0	0.00021288508250361373	0.0	0.0	0.00042577016500722746	0.0	0.00021288508250361373	0.0	0.0	0.00021288508250361373	0.0	0.0	0.0	0.0	0.00021288508250361373	0.0	0.0	0.0	0.00021288508250361373	0.0	0.0	0.00042577016500722746
Zdi-ADup_017-Ex1-11F-lcwgs-1-2	97.96182654081171	2.014822863092834	0.019180846792688406	0.000953085554916194	0.0007148141661871455	0.0002382713887290485	0.0002382713887290485	0.00011913569436452426	0.000476542777458097	0.0002382713887290485	0.00011913569436452426	0.0	0.00011913569436452426	0.0	0.0	0.0	0.0	0.0	0.00011913569436452426	0.0002382713887290485	0.0	0.0	0.00011913569436452426	0.0	0.0	0.0	0.00011913569436452426	0.0	0.00011913569436452426	0.00011913569436452426	0.00011913569436452426
Zdi-ADup_018-Ex1-11G-lcwgs-1-2	97.78334656609766	2.187305053025577	0.026867237565927526	0.0004253388532864515	0.00021266942664322576	0.00028355923552430103	0.0	0.0	0.00014177961776215052	7.088980888107526e-05	0.00014177961776215052	0.0	0.00014177961776215052	0.0	0.0	0.00014177961776215052	7.088980888107526e-05	7.088980888107526e-05	0.00014177961776215052	0.0	0.0	7.088980888107526e-05	0.0	0.0	0.0	7.088980888107526e-05	0.0	7.088980888107526e-05	7.088980888107526e-05	0.0	0.00035444904440537625
Zdi-ADup_019-Ex1-11H-lcwgs-1-2	97.59741589559324	2.3750302533837244	0.02085156293634688	0.0007446986762981028	0.0007446986762981028	0.0001861746690745257	0.0005585240072235771	0.0	0.0003723493381490514	0.0003723493381490514	0.0005585240072235771	0.0003723493381490514	0.0005585240072235771	0.0001861746690745257	0.0001861746690745257	0.0001861746690745257	0.0	0.0	0.0003723493381490514	0.0	0.0	0.0	0.0	0.0	0.0	0.0001861746690745257	0.0	0.0001861746690745257	0.0	0.0	0.0009308733453726286
Zdi-ADup_020-Ex1-12A-lcwgs-1-2	97.20988611500945	2.7120421387452045	0.07407219263229356	0.002551439373835403	0.000505690686706116	0.0001379156418289407	0.00014940861198135244	6.895782091447035e-05	0.00010343673137170552	9.19437612192938e-05	8.045079106688207e-05	5.7464850762058625e-05	1.1492970152411725e-05	2.298594030482345e-05	2.298594030482345e-05	1.1492970152411725e-05	2.298594030482345e-05	2.298594030482345e-05	0.0	1.1492970152411725e-05	1.1492970152411725e-05	1.1492970152411725e-05	2.298594030482345e-05	1.1492970152411725e-05	1.1492970152411725e-05	1.1492970152411725e-05	0.0	0.0	1.1492970152411725e-05	1.1492970152411725e-05	2.298594030482345e-05
Zdi-ADup_021-Ex1-12B-lcwgs-1-2	78.19628651830963	17.475219288391155	3.5712516584646976	0.634068493045962	0.10240885490715673	0.01582405441485835	0.0030454778724589913	0.0008639212740240813	0.0003542698749595153	0.00022374939471127286	0.00011808995831983846	8.701365349882834e-05	3.729156578521214e-05	2.4861043856808096e-05	3.107630482101012e-05	1.864578289260607e-05	2.4861043856808096e-05	6.215260964202024e-06	6.215260964202024e-06	1.2430521928404048e-05	6.215260964202024e-06	1.2430521928404048e-05	0.0	6.215260964202024e-06	6.215260964202024e-06	6.215260964202024e-06	0.0	6.215260964202024e-06	1.2430521928404048e-05	0.0	3.107630482101012e-05
Zdi-ADup_022-Ex1-12C-lcwgs-1-2	97.94826030200964	2.018500910541329	0.026792477155887895	0.0014101303766256789	0.00020144719666081125	0.00020144719666081125	0.0006043415899824338	0.0	0.0004028943933216225	0.0006043415899824338	0.0	0.0	0.0	0.00020144719666081125	0.00020144719666081125	0.0	0.0004028943933216225	0.0	0.0	0.0	0.0	0.00020144719666081125	0.0	0.0	0.0	0.0004028943933216225	0.0004028943933216225	0.00020144719666081125	0.0	0.0	0.0010072359833040564
Zdi-ADup_023-Ex1-12D-lcwgs-1-2	98.06665044066408	1.9038865546218486	0.01601250256200041	0.001601250256200041	0.001601250256200041	0.001281000204960033	0.0006405001024800165	0.0003202500512400082	0.0006405001024800165	0.0006405001024800165	0.0006405001024800165	0.0	0.0009607501537200246	0.0006405001024800165	0.0	0.0006405001024800165	0.0	0.0	0.0	0.0	0.0	0.0006405001024800165	0.0003202500512400082	0.0	0.0003202500512400082	0.0	0.0	0.0	0.0003202500512400082	0.0	0.0022417503586800577
Zdi-ADup_024-Ex1-12E-lcwgs-1-2	97.84499180682604	2.1008185776058177	0.04605192585824884	0.0025892649076927057	0.0005548424802198656	0.00036989498681324376	0.00036989498681324376	0.00018494749340662188	0.0007397899736264875	0.0005548424802198656	0.0007397899736264875	0.0	0.00018494749340662188	0.0	0.00018494749340662188	0.0	0.0	0.00018494749340662188	0.00036989498681324376	0.0	0.0	0.0	0.00018494749340662188	0.00018494749340662188	0.0	0.0	0.0	0.0	0.0	0.0	0.0007397899736264875
Zdi-ADup_025-Ex1-2A-lcwgs-1-2	96.47889827228433	3.3931007436523197	0.12196632129106733	0.004893863508493416	0.0005125330025787024	0.00013226658131063287	0.00013226658131063287	9.919993598297463e-05	1.653332266382911e-05	0.0	0.0	0.0	1.653332266382911e-05	0.0	0.0	0.0	0.0	1.653332266382911e-05	1.653332266382911e-05	0.0	1.653332266382911e-05	0.0	0.0	3.306664532765822e-05	1.653332266382911e-05	0.0	0.0	0.0	0.0	0.0	0.00013226658131063287
Zdi-ADup_026-Ex1-12G-lcwgs-1-2	98.54527207947868	1.4321587119336334	0.017091245338253274	0.0006573555899328182	0.0004382370599552122	0.0010955926498880304	0.0002191185299776061	0.0004382370599552122	0.0002191185299776061	0.0	0.0002191185299776061	0.0	0.0	0.0006573555899328182	0.0	0.0	0.0002191185299776061	0.0002191185299776061	0.0002191185299776061	0.0	0.0	0.0002191185299776061	0.0	0.0	0.0	0.0002191185299776061	0.0	0.0	0.0002191185299776061	0.0	0.0002191185299776061
Zdi-ADup_027-Ex1-12H-lcwgs-1-2	96.73127575438812	3.199971813407296	0.06545129972568858	0.002190174433109851	0.00022219160915607183	9.522497535260221e-05	0.00015870829225433702	0.0	6.348331690173481e-05	6.348331690173481e-05	3.1741658450867404e-05	3.1741658450867404e-05	6.348331690173481e-05	3.1741658450867404e-05	6.348331690173481e-05	0.0	3.1741658450867404e-05	3.1741658450867404e-05	0.0	0.0	0.0	3.1741658450867404e-05	0.0	0.0	0.0	0.0	3.1741658450867404e-05	0.0	0.0	0.0	0.00015870829225433702
Zdi-ADup_028-Ex1-9F-lcwgs-1-2	98.25092297403076	1.7163868003466964	0.02009399189642297	0.002399282614498265	0.00029991032681228315	0.0011996413072491326	0.0011996413072491326	0.00029991032681228315	0.0005998206536245663	0.0005998206536245663	0.0008997309804368493	0.00029991032681228315	0.0	0.0	0.0	0.0005998206536245663	0.0	0.0	0.0	0.00029991032681228315	0.0	0.0	0.0	0.0	0.0	0.0008997309804368493	0.0	0.00029991032681228315	0.0	0.0	0.002699192941310548
Zdi-ADup_029-Ex1-1A-lcwgs-1-2	96.01390466915544	3.8472289851936017	0.12759472668578334	0.008115565654926148	0.00045086475860700825	0.0013525942758210248	0.00045086475860700825	0.0	0.0	0.0	0.0	0.00045086475860700825	0.00045086475860700825	0.0	0.0	0.0	0.0	0.0	0.0	0.0	0.0	0.0	0.0	0.0	0.0	0.0	0.0	0.0	0.0	0.0	0.0
Zdi-ADup_030-Ex1-1B-lcwgs-1-2	97.07960043003047	2.870005375380756	0.046810607418025445	0.0015678193872065939	0.00022397419817237054	0.00022397419817237054	0.0004479483963447411	0.00022397419817237054	0.0	0.0	0.0	0.0	0.0	0.0	0.0	0.0	0.00022397419817237054	0.00022397419817237054	0.0	0.0	0.0	0.0	0.0	0.0	0.00022397419817237054	0.0	0.0	0.0	0.0	0.0	0.00022397419817237054
Zdi-ADup_031-Ex1-1C-lcwgs-1-2	98.34704423541237	1.6190881976991904	0.025127549626910516	0.0032775064730752846	0.0010925021576917613	0.0010925021576917613	0.0010925021576917613	0.0	0.0010925021576917613	0.0010925021576917613	0.0	0.0	0.0	0.0	0.0	0.0	0.0	0.0	0.0	0.0	0.0	0.0	0.0	0.0	0.0	0.0	0.0	0.0	0.0	0.0	0.0
Zdi-ADup_032-Ex1-1D-lcwgs-1-2	95.16878025368437	4.6402520530880755	0.1812608990783264	0.00741491219732834	0.0006066746343268641	0.0002696331708119396	0.0001348165854059698	0.0002696331708119396	6.74082927029849e-05	6.74082927029849e-05	0.0	0.0001348165854059698	0.0001348165854059698	0.0	0.0	0.0	0.0	0.0	0.0	6.74082927029849e-05	6.74082927029849e-05	6.74082927029849e-05	0.0	6.74082927029849e-05	0.0	0.0	0.0	0.0	6.74082927029849e-05	6.74082927029849e-05	0.00020222487810895472
Zdi-ADup_033-Ex1-1E-lcwgs-1-2	98.76568074577051	1.2141788468178156	0.011508804235239959	0.0	0.005754402117619979	0.0028772010588099897	0.0	0.0	0.0	0.0	0.0	0.0	0.0	0.0	0.0	0.0	0.0	0.0	0.0	0.0	0.0	0.0	0.0	0.0	0.0	0.0	0.0	0.0	0.0	0.0	0.0
Zdi-ADup_034-Ex1-1F-lcwgs-1-2	97.95350903555422	2.024277743659432	0.018554572656831872	0.0005226640185023063	0.0007839960277534594	0.00026133200925115315	0.0005226640185023063	0.0005226640185023063	0.00026133200925115315	0.0	0.00026133200925115315	0.00026133200925115315	0.0	0.0	0.0	0.00026133200925115315	0.0	0.0	0.0	0.0	0.0	0.0	0.0	0.0	0.0	0.0	0.0	0.0	0.0	0.0	0.0
Zdi-ADup_035-Ex1-1G-lcwgs-1-2	98.6185606610672	1.358017173131965	0.015927072744562544	0.002342216580082727	0.0009368866320330907	0.0014053299480496363	0.0	0.00046844331601654537	0.0	0.0	0.00046844331601654537	0.0	0.0	0.0009368866320330907	0.0	0.0	0.0009368866320330907	0.0	0.0	0.0	0.0	0.0	0.0	0.0	0.0	0.0	0.0	0.0	0.0	0.0	0.0
Zdi-ADup_036-Ex1-1H-lcwgs-1-2	98.28986147325864	1.6736170682611538	0.02505541918990309	0.0025480087311765855	0.00042466812186276424	0.001698672487451057	0.0012740043655882927	0.00042466812186276424	0.0008493362437255285	0.0	0.00042466812186276424	0.0012740043655882927	0.00042466812186276424	0.0	0.00042466812186276424	0.0	0.0	0.0	0.0	0.0	0.0	0.0	0.0	0.0	0.0	0.00042466812186276424	0.0	0.0	0.00042466812186276424	0.0	0.0008493362437255285
Zdi-ADup_037-Ex1-3D-lcwgs-1-2	66.70718885788935	23.028330184710345	7.477648787758595	2.107667499564508	0.5293262771490715	0.11831655148580557	0.024841865053905943	0.005004359415567291	0.0010458548890960857	0.00021366927841747987	0.00014619476944353885	2.2491502991313668e-05	3.3737254486970504e-05	3.3737254486970504e-05	3.3737254486970504e-05	0.0	1.1245751495656834e-05	3.3737254486970504e-05	1.1245751495656834e-05	1.1245751495656834e-05	1.1245751495656834e-05	1.1245751495656834e-05	0.0	1.1245751495656834e-05	2.2491502991313668e-05	0.0	0.0	0.0	0.0	0.0	2.2491502991313668e-05
Zdi-ADup_038-Ex1-2B-lcwgs-1-2	99.22039767924699	0.7674979689307959	0.00718054769114618	0.0008206340218452776	0.0006154755163839583	0.0	0.0004103170109226388	0.0	0.0006154755163839583	0.0	0.0	0.0	0.0004103170109226388	0.0002051585054613194	0.0004103170109226388	0.0	0.0004103170109226388	0.0	0.0	0.0	0.0002051585054613194	0.0	0.0	0.0	0.0002051585054613194	0.0	0.0	0.0	0.0	0.0	0.0006154755163839583
Zdi-ADup_039-Ex1-2C-lcwgs-1-2	92.95706663802056	6.548666716246478	0.4589107315501128	0.03254639155380374	0.0022586358390418977	0.00028646113080531385	5.50886790010219e-05	2.2035471600408757e-05	0.0	1.1017735800204379e-05	2.2035471600408757e-05	2.2035471600408757e-05	0.0	1.1017735800204379e-05	1.1017735800204379e-05	0.0	1.1017735800204379e-05	2.2035471600408757e-05	0.0	0.0	0.0	1.1017735800204379e-05	0.0	0.0	1.1017735800204379e-05	0.0	0.0	0.0	0.0	0.0	5.50886790010219e-05
Zdi-ADup_040-Ex1-2D-lcwgs-1-2	87.73617602403188	10.571360575531505	1.455750558085024	0.2041054216864712	0.02801985600541058	0.003681039906593155	0.0006226634667869017	6.409770981629872e-05	5.494089412825604e-05	4.5784078440213364e-05	9.156815688042674e-06	2.747044706412802e-05	0.0	9.156815688042674e-06	1.8313631376085348e-05	0.0	0.0	9.156815688042674e-06	0.0	9.156815688042674e-06	0.0	9.156815688042674e-06	0.0	0.0	0.0	0.0	0.0	0.0	0.0	0.0	2.747044706412802e-05
Zdi-ADup_041-Ex1-2E-lcwgs-1-2	93.45879448404605	6.097064042763682	0.41289262857518033	0.028538418513736532	0.0021051853214374577	0.00019736112388476164	0.00018420371562577752	2.631481651796822e-05	0.0	1.315740825898411e-05	2.631481651796822e-05	1.315740825898411e-05	0.0	1.315740825898411e-05	1.315740825898411e-05	0.0	0.0	0.0	0.0	0.0	1.315740825898411e-05	1.315740825898411e-05	0.0	0.0	0.0	0.0	0.0	1.315740825898411e-05	0.0	0.0	7.894444955390465e-05
Zdi-ADup_042-Ex1-2F-lcwgs-1-2	97.33426482636463	2.6215133865925333	0.04084331490859423	0.0014479166289605044	0.00024131943816008405	0.0	0.00012065971908004202	0.0003016492977001051	0.00018098957862006305	0.00012065971908004202	6.032985954002101e-05	0.00012065971908004202	0.0	0.0	0.0	0.00012065971908004202	0.0	6.032985954002101e-05	0.0	6.032985954002101e-05	6.032985954002101e-05	6.032985954002101e-05	0.0	0.0	6.032985954002101e-05	0.0	0.0	0.0	0.0	6.032985954002101e-05	0.0003016492977001051
Zdi-ADup_043-Ex1-2G-lcwgs-1-2	98.96280081957825	1.0155643508914822	0.011771892538529085	0.0028634333201827504	0.0009544777733942504	0.0006363185155961668	0.0006363185155961668	0.0006363185155961668	0.0006363185155961668	0.0	0.0003181592577980834	0.0006363185155961668	0.0009544777733942504	0.0	0.0	0.0	0.0003181592577980834	0.0	0.0	0.0	0.0	0.0	0.0	0.0003181592577980834	0.0	0.0	0.0	0.0	0.0	0.0	0.0009544777733942504
Zdi-ADup_044-Ex1-2H-lcwgs-1-2	98.31837248322147	1.6485947986577183	0.02936241610738255	0.0007340604026845638	0.0005243288590604027	0.0003145973154362416	0.00010486577181208052	0.0	0.0	0.00010486577181208052	0.0	0.00020973154362416104	0.0	0.00010486577181208052	0.00020973154362416104	0.00010486577181208052	0.0003145973154362416	0.0	0.00010486577181208052	0.00010486577181208052	0.00010486577181208052	0.0	0.0	0.0	0.0	0.0	0.0	0.0	0.0	0.0	0.0006291946308724832
Zdi-ADup_045-Ex1-3A-lcwgs-1-2	99.27341074368177	0.7073523011813383	0.01009151744886439	0.0015767996013850605	0.0012614396811080487	0.0	0.0006307198405540244	0.0003153599202770122	0.0009460797608310365	0.0	0.0003153599202770122	0.0006307198405540244	0.0	0.0006307198405540244	0.0	0.0006307198405540244	0.0	0.0	0.0	0.0	0.0	0.0	0.0	0.0	0.0	0.0003153599202770122	0.0003153599202770122	0.0	0.0	0.0003153599202770122	0.0012614396811080487
Zdi-ADup_046-Ex1-3B-lcwgs-1-2	99.7043652639522	0.2739272903939384	0.009303190994511117	0.003101063664837039	0.001033687888279013	0.002067375776558026	0.003101063664837039	0.0	0.001033687888279013	0.001033687888279013	0.0	0.0	0.0	0.0	0.0	0.0	0.0	0.0	0.0	0.001033687888279013	0.0	0.0	0.0	0.0	0.0	0.0	0.0	0.0	0.0	0.0	0.0
Zdi-ADup_047-Ex1-3C-lcwgs-1-2	94.83524227876737	4.890517945344625	0.25785513919373987	0.014081575311532918	0.0011844315682597783	0.0003070748510303129	0.00015353742551515645	0.00015353742551515645	4.386783586147327e-05	4.386783586147327e-05	6.580175379220991e-05	4.386783586147327e-05	0.0	0.0	0.0	4.386783586147327e-05	2.1933917930736635e-05	0.0	2.1933917930736635e-05	0.0	0.0	0.0	0.0	0.0	2.1933917930736635e-05	2.1933917930736635e-05	0.0	0.0	0.0	0.0	0.00017547134344589308
Zdi-CDup_001-Ex1-5D-lcwgs-1-2	98.74399259888182	1.2212245486439293	0.02625234288643609	0.002543133140028515	0.001201480223635519	0.000821011486150938	0.0005606907710299088	0.00032039472630280506	0.00020024670393925314	0.0004004934078785063	0.0003404193966967304	0.00020024670393925314	0.00012014802236355189	0.00016019736315140253	0.0001401726927574772	0.00018022203354532785	0.00018022203354532785	0.00010012335196962657	8.009868157570126e-05	0.00010012335196962657	4.004934078785063e-05	8.009868157570126e-05	8.009868157570126e-05	6.0074011181775945e-05	2.0024670393925316e-05	2.0024670393925316e-05	0.0	2.0024670393925316e-05	4.004934078785063e-05	0.0	0.0005206414302420582
Zdi-CDup_002-Ex1-5E-lcwgs-1-2	98.51086968021995	1.4560292981827692	0.029001180451957417	0.0013981025103875237	0.0005479050378545701	0.00028339915751098455	0.0002645058803435856	0.00022671932600878766	0.00017003949450659074	7.557310866959588e-05	7.557310866959588e-05	7.557310866959588e-05	9.446638583699485e-05	9.446638583699485e-05	9.446638583699485e-05	3.778655433479794e-05	7.557310866959588e-05	1.889327716739897e-05	3.778655433479794e-05	5.6679831502196914e-05	9.446638583699485e-05	0.0	0.0	1.889327716739897e-05	5.6679831502196914e-05	1.889327716739897e-05	0.0	0.0	1.889327716739897e-05	3.778655433479794e-05	0.00022671932600878766
Zdi-CDup_003-Ex1-5F-lcwgs-1-2	98.29434624467204	1.663999081665039	0.03500583762121695	0.00258565846065807	0.0008240010479020223	0.0007103457309500192	0.00036937978009401	0.0001704829754280046	8.52414877140023e-05	0.00022731063390400613	0.00019889680466600538	0.0001704829754280046	0.00014206914619000385	0.00011365531695200306	8.52414877140023e-05	0.00014206914619000385	5.682765847600153e-05	0.0	2.8413829238000766e-05	5.682765847600153e-05	5.682765847600153e-05	0.0	5.682765847600153e-05	2.8413829238000766e-05	5.682765847600153e-05	0.0	0.0	0.0	5.682765847600153e-05	2.8413829238000766e-05	0.00039779360933201076
Zdi-CDup_004-Ex1-5G-lcwgs-1-2	98.86049481469007	1.1078889519012254	0.023154969898539133	0.0024351929126805857	0.0007842146667954428	0.0009493124913839572	0.0004952934737655429	0.0006191168422069286	0.0004127445614712858	0.00028892119302990004	0.00024764673688277146	0.0001650978245885143	0.0004952934737655429	0.0	0.0002063722807356429	0.00012382336844138573	0.0001650978245885143	8.254891229425716e-05	8.254891229425716e-05	4.127445614712858e-05	0.00024764673688277146	0.00012382336844138573	4.127445614712858e-05	0.0	4.127445614712858e-05	0.0	4.127445614712858e-05	8.254891229425716e-05	0.0	0.0	0.00028892119302990004
Zdi-CDup_005-Ex1-5H-lcwgs-1-2	96.87988915241004	3.013942313736099	0.09903403450061035	0.0047672169591457675	0.000734673846443697	0.0002285651966713724	0.0002612173676244256	0.0001306086838122128	0.0001142825983356862	9.79565128591596e-05	4.89782564295798e-05	0.00014693476928873939	4.89782564295798e-05	0.0001306086838122128	8.163042738263299e-05	4.89782564295798e-05	4.89782564295798e-05	3.26521709530532e-05	0.0	0.0	1.63260854765266e-05	3.26521709530532e-05	3.26521709530532e-05	1.63260854765266e-05	0.0	0.0	0.0	1.63260854765266e-05	0.0	3.26521709530532e-05	6.53043419061064e-05
Zdi-CDup_006-Ex1-6A-lcwgs-1-2	97.48428084787137	2.444157604319832	0.06693777646577895	0.003060241727024032	0.00042763203172388226	0.00016036201189645585	0.0001336350099137132	0.00016036201189645585	8.018100594822792e-05	6.68175049568566e-05	8.018100594822792e-05	2.672700198274264e-05	6.68175049568566e-05	8.018100594822792e-05	4.009050297411396e-05	1.336350099137132e-05	4.009050297411396e-05	0.0	1.336350099137132e-05	2.672700198274264e-05	2.672700198274264e-05	0.0	1.336350099137132e-05	0.0	1.336350099137132e-05	1.336350099137132e-05	1.336350099137132e-05	0.0	0.0	0.0	6.68175049568566e-05
Zdi-CDup_007-Ex1-6B-lcwgs-1-2	98.41474550360635	1.5492936070670074	0.03146364068522337	0.0018467789097848504	0.0005813933604878232	0.0003077964849641417	0.0002906966802439116	0.0003077964849641417	6.839921888092038e-05	8.549902360115047e-05	3.419960944046019e-05	0.00010259882832138057	0.00010259882832138057	0.00010259882832138057	5.1299414160690285e-05	3.419960944046019e-05	0.0	6.839921888092038e-05	8.549902360115047e-05	6.839921888092038e-05	0.0	3.419960944046019e-05	1.7099804720230095e-05	0.0	0.0	0.0	0.0	0.0	3.419960944046019e-05	3.419960944046019e-05	0.00023939726608322135
Zdi-CDup_008-Ex1-6C-lcwgs-1-2	97.69372678176316	2.2369746091649474	0.06441011560781336	0.0027982410863378743	0.0006574180865492596	0.00023599623619717015	0.0001854256141549194	0.00013485499211266866	5.057062204225074e-05	8.428437007041791e-05	8.428437007041791e-05	5.057062204225074e-05	3.3713748028167166e-05	5.057062204225074e-05	6.742749605633433e-05	6.742749605633433e-05	0.0	8.428437007041791e-05	0.0	0.0	3.3713748028167166e-05	1.6856874014083583e-05	5.057062204225074e-05	1.6856874014083583e-05	0.0	0.0	0.0	0.0	0.0	1.6856874014083583e-05	0.00016856874014083582
Zdi-CDup_010-Ex1-6D-lcwgs-1-2	97.82125510091976	2.1110528672797706	0.06207566234978059	0.0028574511240375194	0.00045571418788529404	0.0003694979901772654	0.0003202315914869634	0.00023401539377893477	0.00017243239541605722	0.00011084939705317962	9.85327973806041e-05	0.0001601157957434817	7.389959803545309e-05	4.926639869030205e-05	2.4633199345151026e-05	2.4633199345151026e-05	9.85327973806041e-05	1.2316599672575513e-05	2.4633199345151026e-05	2.4633199345151026e-05	1.2316599672575513e-05	3.694979901772654e-05	7.389959803545309e-05	1.2316599672575513e-05	1.2316599672575513e-05	0.0	1.2316599672575513e-05	1.2316599672575513e-05	0.0	2.4633199345151026e-05	0.00030791499181438784
Zdi-CDup_011-Ex1-6E-lcwgs-1-2	97.58322989267391	2.3434678851740784	0.06818908037997433	0.0028129208122606767	0.0005542701107902811	0.0004711295941717389	0.0002632783026253835	0.00016628103323708434	6.928376384878513e-05	0.0001524242804673273	0.00011085402215805623	9.69972693882992e-05	4.1570258309271085e-05	1.3856752769757028e-05	2.7713505539514056e-05	1.3856752769757028e-05	4.1570258309271085e-05	2.7713505539514056e-05	2.7713505539514056e-05	1.3856752769757028e-05	2.7713505539514056e-05	1.3856752769757028e-05	2.7713505539514056e-05	1.3856752769757028e-05	1.3856752769757028e-05	0.0	0.0	0.0	0.0	0.0	0.00011085402215805623
Zdi-CDup_012-Ex1-6F-lcwgs-1-2	97.7103553391361	2.220172128822832	0.06137752206540711	0.003613843739131365	0.0009540547471306804	0.0009251439972176295	0.00031801824904356007	0.00043366124869576375	0.00011564299965220368	0.0002601967492174583	0.00020237524939135644	8.673224973915276e-05	0.0001445537495652546	2.891074991305092e-05	8.673224973915276e-05	0.0001445537495652546	8.673224973915276e-05	5.782149982610184e-05	8.673224973915276e-05	0.0	5.782149982610184e-05	0.00011564299965220368	5.782149982610184e-05	0.0	2.891074991305092e-05	0.0	0.0	0.0	5.782149982610184e-05	0.0	0.00023128599930440736
Zdi-CDup_013-Ex1-6G-lcwgs-1-2	99.09347773867823	0.8778551002123299	0.019988112333191314	0.002367013302614761	0.001797176766800096	0.0009205051732390737	0.00039450221710246006	0.0004821693764585624	0.00043833579678051124	0.00026300147806830674	0.00030683505774635787	0.00013150073903415337	0.00021916789839025562	0.00021916789839025562	0.0001753343187122045	8.766715935610225e-05	0.00013150073903415337	0.0	4.3833579678051124e-05	4.3833579678051124e-05	0.0	8.766715935610225e-05	8.766715935610225e-05	0.0	4.3833579678051124e-05	0.0	0.0	8.766715935610225e-05	0.0	8.766715935610225e-05	0.00026300147806830674
Zdi-CDup_014-Ex1-6H-lcwgs-1-2	98.80415670993702	1.166662651326717	0.02319140269934418	0.001981401395672124	0.0007205095984262269	0.0006079299736721289	0.000495350348918031	0.00020264332455737633	0.0002701910994098351	0.00013509554970491755	0.00011257962475409795	9.006369980327836e-05	0.00018012739960655673	9.006369980327836e-05	4.503184990163918e-05	6.754777485245878e-05	2.251592495081959e-05	9.006369980327836e-05	4.503184990163918e-05	6.754777485245878e-05	4.503184990163918e-05	2.251592495081959e-05	9.006369980327836e-05	0.0	2.251592495081959e-05	2.251592495081959e-05	4.503184990163918e-05	2.251592495081959e-05	0.0	2.251592495081959e-05	0.00047283442396721143
Zdi-CDup_015-Ex1-7A-lcwgs-1-2	99.12382732808032	0.847356384612759	0.0191670977075626	0.003216396533118382	0.001378455657050735	0.001378455657050735	0.0005907667101646008	0.00045948521901691174	0.00045948521901691174	0.00019692223672153358	0.00032820372786922263	0.00013128149114768905	0.0	6.564074557384453e-05	0.0	0.00019692223672153358	6.564074557384453e-05	0.00019692223672153358	0.0	0.0	0.0	6.564074557384453e-05	0.0	6.564074557384453e-05	0.0	0.0	0.0	0.0	0.0	6.564074557384453e-05	0.0007876889468861343
Zdi-CDup_016-Ex1-7B-lcwgs-1-2	98.05036006304209	1.9051093345895134	0.03963898316884305	0.0021927948135955734	0.00042935842503969264	0.00036802150717687944	0.0003220188187797695	0.00027601613038265955	0.0001686765241227364	0.00010733960625992316	7.667114732851655e-05	0.00013800806519132978	6.133691786281323e-05	7.667114732851655e-05	4.600268839710993e-05	6.133691786281323e-05	4.600268839710993e-05	0.0	1.5334229465703308e-05	4.600268839710993e-05	3.0668458931406615e-05	4.600268839710993e-05	4.600268839710993e-05	3.0668458931406615e-05	0.0	0.0	3.0668458931406615e-05	0.0	6.133691786281323e-05	0.0	0.00021467921251984632
Zdi-CDup_017-Ex1-7C-lcwgs-1-2	98.3073280090317	1.6565151160579321	0.03148069709285783	0.0015239329494553192	0.0004801432580475664	0.0005010190518757214	0.0002505095259378607	0.000375764288906791	0.00020875793828155055	0.00020875793828155055	0.0001461305567970854	0.00012525476296893035	6.262738148446517e-05	8.350317531262023e-05	4.1751587656310116e-05	0.0001461305567970854	0.0001461305567970854	2.0875793828155058e-05	2.0875793828155058e-05	0.0	2.0875793828155058e-05	4.1751587656310116e-05	2.0875793828155058e-05	0.0	2.0875793828155058e-05	0.0	0.0	0.0	2.0875793828155058e-05	0.0	0.00020875793828155055
Zdi-CDup_018-Ex1-7D-lcwgs-1-2	97.64568257212527	2.286284435397332	0.06068106235390284	0.0035930485565963876	0.0010088174793520628	0.000497499030913346	0.00033166602060889734	0.0002349300979313023	0.00015201359277907796	0.0002349300979313023	0.00016583301030444867	0.00011055534020296578	8.291650515222433e-05	5.527767010148289e-05	4.145825257611217e-05	6.909708762685361e-05	0.0001243747577283365	6.909708762685361e-05	2.7638835050741444e-05	4.145825257611217e-05	2.7638835050741444e-05	4.145825257611217e-05	2.7638835050741444e-05	2.7638835050741444e-05	2.7638835050741444e-05	0.0	4.145825257611217e-05	4.145825257611217e-05	0.0	1.3819417525370722e-05	0.0002625689329820437
Zdi-CDup_019-Ex1-7E-lcwgs-1-2	98.20570308737317	1.7527385624171448	0.03724034579204608	0.0018170787820882925	0.0004884620381957775	0.00041030811208445317	0.0002344617783339732	0.0001172308891669866	0.0001758463337504799	0.00013676937069481771	0.0001563078522226488	9.769240763915552e-05	0.0001172308891669866	3.90769630556622e-05	5.86154445834933e-05	3.90769630556622e-05	0.0	5.86154445834933e-05	5.86154445834933e-05	1.95384815278311e-05	0.0	3.90769630556622e-05	0.0	1.95384815278311e-05	1.95384815278311e-05	3.90769630556622e-05	0.0	0.0	0.0	0.0	0.0001758463337504799
Zdi-CDup_021-Ex1-7G-lcwgs-1-2	98.21541160769421	1.7401511903033837	0.037837433995367924	0.0023358729463088482	0.0010381657539150434	0.0005190828769575217	0.0003336961351869783	0.0003151574610099239	0.0001483093934164348	0.0001483093934164348	0.00016684806759348914	0.00018538674177054348	0.00016684806759348914	9.269337088527174e-05	7.41546967082174e-05	0.0001112320450623261	7.41546967082174e-05	0.00016684806759348914	7.41546967082174e-05	5.561602253116305e-05	3.70773483541087e-05	3.70773483541087e-05	3.70773483541087e-05	0.0	0.0	0.0	0.0	0.0	1.853867417705435e-05	1.853867417705435e-05	0.0004449281802493044
Zdi-CDup_022-Ex1-7H-lcwgs-1-2	98.54577263262863	1.4258740374790642	0.024710409797787214	0.001448389917099428	0.0005047419408073764	0.00032917952661350636	0.0002194530177423376	0.0002633436212908051	0.0002194530177423376	0.0001536171124196363	6.583590532270127e-05	4.389060354846751e-05	6.583590532270127e-05	4.389060354846751e-05	0.0	0.0	2.1945301774233756e-05	0.0	2.1945301774233756e-05	2.1945301774233756e-05	0.0	2.1945301774233756e-05	0.0	0.0	0.0	0.0	0.0	0.0	0.0	0.0	0.00019750771596810385
Zdi-CDup_026-Ex1-8D-lcwgs-1-2	98.32599370208757	1.6333004787037166	0.03366847244027282	0.002523596654572552	0.0013130909422166125	0.0005744772872197679	0.00024620455166561486	0.00020517045972134567	0.00034878978152628765	0.00020517045972134567	0.00022568750569348025	0.00012310227583280743	0.00012310227583280743	8.206818388853828e-05	0.00022568750569348025	8.206818388853828e-05	0.00010258522986067283	2.051704597213457e-05	2.051704597213457e-05	2.051704597213457e-05	2.051704597213457e-05	0.0	4.103409194426914e-05	4.103409194426914e-05	0.0	6.155113791640371e-05	2.051704597213457e-05	0.0	4.103409194426914e-05	2.051704597213457e-05	0.00034878978152628765
Zdi-CDup_031-Ex1-9A-lcwgs-1-2	98.12903314569134	1.8218672220399734	0.042564479812613104	0.0022787044748166607	0.0008383912690363186	0.0006019219367440237	0.0003439553924251564	0.00036545260445172863	0.00015048048418600591	8.59888481062891e-05	0.00012898327215943366	0.00015048048418600591	0.0002579665443188673	0.0001719776962125782	0.00015048048418600591	0.00010748606013286136	0.00015048048418600591	4.299442405314455e-05	6.449163607971683e-05	0.0	8.59888481062891e-05	6.449163607971683e-05	2.1497212026572275e-05	2.1497212026572275e-05	2.1497212026572275e-05	2.1497212026572275e-05	0.0	0.0	6.449163607971683e-05	2.1497212026572275e-05	0.0003224581803985841
Zdi-CDup_033-Ex1-9C-lcwgs-1-2	98.48563537944563	1.4728511597962013	0.031190660878983943	0.0030128746058876014	0.0014570459159620368	0.0009878277396352792	0.0008149578851991054	0.0005433052567994036	0.00029634832189058373	0.00037043540236322966	0.00029634832189058373	0.0002716526283997018	0.0001234784674544099	9.878277396352791e-05	0.0001234784674544099	0.00017286985443617386	0.00017286985443617386	7.408708047264593e-05	0.00017286985443617386	4.939138698176396e-05	0.00014817416094529186	0.0	7.408708047264593e-05	2.469569349088198e-05	0.0	4.939138698176396e-05	9.878277396352791e-05	4.939138698176396e-05	2.469569349088198e-05	4.939138698176396e-05	0.0007655664982173414
Zdi-CDup_034-Ex1-9D-lcwgs-1-2	98.46406241270196	1.488159634571463	0.03745033006066208	0.0029967036260113876	0.0013883033747623377	0.0011004843824335604	0.000592568513618071	0.00040633269505239154	0.0005079158688154894	0.00042326322401290784	0.0003555411081708426	0.0003386105792103263	0.00016930528960516314	0.00018623581856567944	6.772211584206524e-05	0.00013544423168413048	0.0001185137027236142	8.465264480258157e-05	1.693052896051631e-05	0.0001185137027236142	1.693052896051631e-05	8.465264480258157e-05	0.00010158317376309788	8.465264480258157e-05	8.465264480258157e-05	3.386105792103262e-05	6.772211584206524e-05	1.693052896051631e-05	1.693052896051631e-05	5.079158688154894e-05	0.0007618738032232342
Zdi-CDup_035-Ex1-9E-lcwgs-1-2	98.19696816156956	1.7516938197106444	0.042435971702726075	0.002700863779450489	0.0012748077039006307	0.0008642764094241564	0.0005833865763613056	0.0004753520251832861	0.00034571056376966257	0.0002592829228272469	0.00019446219212043518	0.0002592829228272469	0.00012964146141362346	0.00017285528188483128	6.482073070681173e-05	0.00012964146141362346	0.00019446219212043518	0.00015124837164922736	6.482073070681173e-05	8.642764094241564e-05	0.00010803455117801956	0.00012964146141362346	0.0	4.321382047120782e-05	2.160691023560391e-05	8.642764094241564e-05	0.0	0.0	0.0	2.160691023560391e-05	0.0005401727558900978
Zdi-CDup_037-Ex1-9G-lcwgs-1-2	98.15979360664329	1.7873936154199026	0.042224708930155994	0.003342257927402076	0.0015563185768818827	0.0008419428366738054	0.0005868086437423491	0.0004847549665697667	0.0003827012893971842	0.00045924154727662115	0.000331674450810893	0.000331674450810893	0.00017859393505201932	0.00017859393505201932	0.0001530805157588737	0.00028064761222460177	5.1026838586291223e-05	5.1026838586291223e-05	5.1026838586291223e-05	7.654025787943685e-05	0.0001275670964657281	5.1026838586291223e-05	5.1026838586291223e-05	0.0001530805157588737	2.5513419293145612e-05	2.5513419293145612e-05	2.5513419293145612e-05	5.1026838586291223e-05	2.5513419293145612e-05	2.5513419293145612e-05	0.0006888623209149316
Zdi-CDup_038-Ex1-9H-lcwgs-1-2	98.52511405376735	1.4301616686600525	0.033639241904288394	0.003923663615263655	0.0015639778046855127	0.0008780226271918669	0.0007133933845933918	0.0004938877277954251	0.00027438207099745844	0.00043901131359593346	0.00030182027809720423	0.00024694386389771255	0.00024694386389771255	5.487641419949168e-05	0.00010975282839898336	0.00016462924259847504	0.0	0.00016462924259847504	0.00010975282839898336	0.00016462924259847504	0.00016462924259847504	5.487641419949168e-05	2.743820709974584e-05	0.0	5.487641419949168e-05	0.00013719103549872922	0.0	2.743820709974584e-05	0.0	0.0	0.0007682697987928835
Zdi-CDup_039-Ex1-10A-lcwgs-1-2	98.86042590343192	1.1129753419113448	0.01981867994031448	0.0018254047313447548	0.0008866251552245952	0.0008866251552245952	0.0005736986298512087	0.0002607721044778221	0.00046938978806007977	0.0002086176835822577	0.00010430884179112885	0.00010430884179112885	0.00010430884179112885	0.0	0.0002086176835822577	5.215442089556442e-05	5.215442089556442e-05	5.215442089556442e-05	0.0	0.0	5.215442089556442e-05	0.0	5.215442089556442e-05	0.00010430884179112885	0.0	5.215442089556442e-05	5.215442089556442e-05	0.0	0.0	0.0	0.0006780074716423375
Zdi-CDup_040-Ex1-10B-lcwgs-1-2	99.40654042444085	0.5663377256557239	0.013206601496919962	0.0034788121016276975	0.00167498360448741	0.0012884489265287769	0.0011596040338758993	0.0010951815875494602	0.0007730693559172661	0.0005153795706115108	0.0007086469095908273	0.0004509571242850719	0.00038653467795863304	0.0005153795706115108	0.00019326733897931652	0.0002576897853057554	0.0001288448926528777	6.442244632643885e-05	6.442244632643885e-05	0.0	0.0001288448926528777	6.442244632643885e-05	0.0	6.442244632643885e-05	0.0	0.0	6.442244632643885e-05	0.0	0.0	0.0	0.000837491802243705
Zdi-CDup_041-Ex1-10C-lcwgs-1-2	98.66394707254337	1.3069265381561355	0.022254823669404736	0.001922907254789736	0.0008200633880720932	0.0007069511966138734	0.0004241707179683241	0.0004241707179683241	0.00028278047864554936	0.00019794633505188454	0.00019794633505188454	0.0002262243829164395	0.00011311219145821975	0.00016966828718732962	5.655609572910987e-05	0.0002262243829164395	0.00011311219145821975	8.483414359366481e-05	5.655609572910987e-05	2.8278047864554936e-05	0.00011311219145821975	2.8278047864554936e-05	0.0	8.483414359366481e-05	2.8278047864554936e-05	2.8278047864554936e-05	5.655609572910987e-05	2.8278047864554936e-05	5.655609572910987e-05	0.0	0.0003958926701037691
