0.000000	0.063182	0.063371	0.064537	0.102732	0.064507	0.063399	0.064389	0.063204	0.140165	0.063601	0.069593	0.065148	0.061336	0.062493	0.063926	0.062648	0.063937	0.062896	0.065167	0.070109	0.066087	0.061484	0.083624	0.063917	0.063148	0.064064	0.063165	0.062124	0.063749	0.070187	0.062579	0.063504	0.064697	0.065045	0.094333	0.140749	0.066711	0.065254	0.066884	0.064601	0.064269	0.064812	0.064095	0.065072	0.070654	0.063597	0.349671	0.351211	0.347500	0.343540	0.355347	0.357311	0.352462	0.353895	0.356431	0.356523	0.346560	0.342984	0.352103	0.345712	0.354913	0.351168	0.355528	0.354959	0.330635	0.355235	0.352158	0.321548	0.337572	0.327974	0.351685	0.324527	0.332054	0.336384	0.331363	0.352829	0.329668	0.349411	0.354176	0.350046	0.327619	0.349309	0.347402	0.344615	0.341557	0.347709	0.355245	0.358323	0.323143	0.352163	0.351765	0.354618	0.329742	0.330314	0.337588	0.337407	0.334800	0.334980	0.329475	0.357801	0.355214	0.350358	0.354144	0.343751	0.350467	0.340995	0.357442	0.355485	0.355172	0.344075	
0.063182	0.000000	0.062311	0.062714	0.101591	0.063627	0.062952	0.063336	0.063399	0.139422	0.063386	0.065821	0.063957	0.061153	0.062303	0.063500	0.062516	0.063478	0.062751	0.064426	0.069946	0.065386	0.060796	0.083869	0.063765	0.061489	0.063583	0.062763	0.058668	0.066042	0.067511	0.062151	0.063027	0.063368	0.065438	0.089384	0.142635	0.064398	0.064481	0.066117	0.064137	0.063936	0.063767	0.064042	0.066217	0.068361	0.063322	0.349930	0.351257	0.347834	0.344941	0.355403	0.357345	0.352740	0.354293	0.356600	0.356707	0.346990	0.343488	0.352434	0.345509	0.355094	0.351379	0.355844	0.355006	0.332104	0.355546	0.352754	0.326673	0.334515	0.330474	0.352078	0.322692	0.331867	0.336400	0.337220	0.353294	0.332674	0.349833	0.354096	0.350573	0.328454	0.349335	0.347630	0.344606	0.342057	0.347924	0.355149	0.358548	0.321042	0.352269	0.352163	0.354917	0.334027	0.328704	0.338486	0.338522	0.336302	0.335443	0.334187	0.357889	0.355386	0.350604	0.354242	0.344944	0.350731	0.341793	0.357658	0.355811	0.355307	0.344247	
0.063371	0.062311	0.000000	0.063571	0.103470	0.063702	0.063319	0.063817	0.062869	0.140599	0.063184	0.068995	0.064229	0.060745	0.062381	0.063758	0.062183	0.063348	0.062147	0.064460	0.070037	0.065182	0.061302	0.084089	0.063841	0.063182	0.063750	0.062910	0.060568	0.065252	0.065873	0.062637	0.063317	0.063786	0.064788	0.090843	0.142774	0.065333	0.064795	0.066307	0.064023	0.063963	0.063133	0.064183	0.064141	0.073899	0.063674	0.350027	0.351517	0.347868	0.344533	0.355457	0.357492	0.352704	0.353970	0.356650	0.356764	0.347048	0.343359	0.352581	0.345748	0.355074	0.351418	0.355686	0.355125	0.329099	0.355495	0.352596	0.327040	0.338056	0.331545	0.352164	0.325508	0.334672	0.338721	0.331288	0.353211	0.333073	0.349654	0.354216	0.350442	0.328817	0.349280	0.347361	0.345190	0.342607	0.347878	0.355266	0.358578	0.325568	0.352354	0.352199	0.354983	0.330788	0.332592	0.337763	0.339451	0.336606	0.336414	0.330168	0.358098	0.355420	0.350528	0.354377	0.343991	0.350728	0.342046	0.357629	0.355866	0.355327	0.345031	
0.064537	0.062714	0.063571	0.000000	0.101426	0.063764	0.063324	0.062738	0.062743	0.135773	0.063504	0.075075	0.065699	0.062107	0.062633	0.064699	0.062619	0.063672	0.063220	0.065014	0.069528	0.065139	0.061916	0.082244	0.064959	0.064169	0.064061	0.063453	0.064241	0.067565	0.073405	0.062679	0.065741	0.063372	0.065478	0.091149	0.141613	0.066625	0.064408	0.066514	0.064635	0.063933	0.065783	0.064477	0.064176	0.068145	0.063931	0.350799	0.353243	0.348193	0.342829	0.357748	0.360507	0.354289	0.356854	0.359750	0.359164	0.347883	0.342434	0.353104	0.344743	0.357840	0.354139	0.358539	0.357436	0.325937	0.357078	0.353905	0.303125	0.336303	0.332669	0.353995	0.293526	0.321978	0.326864	0.326906	0.355340	0.330451	0.349181	0.356794	0.352025	0.316474	0.349662	0.347474	0.344396	0.340781	0.349798	0.357442	0.361510	0.310635	0.354098	0.353593	0.356430	0.329954	0.319581	0.336412	0.336266	0.321975	0.331663	0.319063	0.361308	0.358237	0.351260	0.357077	0.341882	0.351397	0.341659	0.360424	0.358813	0.357435	0.342451	
0.102732	0.101591	0.103470	0.101426	0.000000	0.102873	0.103074	0.101874	0.098655	0.080723	0.102994	0.097561	0.099727	0.101499	0.102436	0.103719	0.101840	0.103895	0.102456	0.104175	0.101432	0.106147	0.102952	0.110842	0.103564	0.100182	0.105095	0.102043	0.098666	0.095214	0.096727	0.100953	0.095335	0.101558	0.100647	0.117453	0.150738	0.099092	0.105981	0.106964	0.103561	0.104567	0.102236	0.101635	0.100848	0.105190	0.101375	0.288350	0.289471	0.283543	0.279018	0.294891	0.296970	0.291975	0.293276	0.295905	0.296263	0.282346	0.279433	0.289687	0.283012	0.293907	0.289978	0.295413	0.295048	0.262704	0.293212	0.289073	0.258630	0.243612	0.255533	0.290238	0.238436	0.262288	0.266705	0.278409	0.291902	0.270284	0.286459	0.293030	0.288376	0.266854	0.286767	0.284075	0.280134	0.274773	0.285289	0.294195	0.297834	0.265094	0.290295	0.292078	0.293495	0.259568	0.262732	0.271172	0.272070	0.252632	0.262718	0.261852	0.298300	0.294050	0.288567	0.294013	0.278692	0.287587	0.278818	0.296585	0.294646	0.294727	0.283037	
0.064507	0.063627	0.063702	0.063764	0.102873	0.000000	0.064127	0.064130	0.063751	0.138968	0.064174	0.072378	0.065461	0.061522	0.063109	0.064162	0.063499	0.064340	0.063208	0.065628	0.071163	0.065818	0.062201	0.083435	0.064463	0.063737	0.064866	0.063772	0.062018	0.066898	0.067285	0.063248	0.064571	0.064564	0.065860	0.089912	0.143038	0.067004	0.065743	0.067359	0.064895	0.064974	0.064416	0.065291	0.065567	0.072884	0.064327	0.348912	0.350626	0.346971	0.343800	0.354617	0.356630	0.352096	0.353311	0.355893	0.355727	0.346201	0.342447	0.351764	0.345157	0.354290	0.350389	0.354940	0.354228	0.328071	0.354553	0.351836	0.321329	0.330612	0.329915	0.351278	0.325288	0.332545	0.336937	0.334522	0.352476	0.333449	0.349100	0.353412	0.349468	0.327580	0.348773	0.346721	0.344299	0.341237	0.347379	0.354323	0.357650	0.325348	0.351486	0.351343	0.354095	0.332705	0.327996	0.337520	0.336798	0.333004	0.334939	0.331701	0.357430	0.354486	0.349650	0.353530	0.342841	0.350077	0.341323	0.356727	0.355018	0.354586	0.343897	
0.063399	0.062952	0.063319	0.063324	0.103074	0.064127	0.000000	0.063234	0.063103	0.139470	0.063240	0.071574	0.063827	0.061256	0.061844	0.063610	0.062692	0.063838	0.062848	0.064523	0.069898	0.065177	0.060343	0.082213	0.063459	0.063230	0.064099	0.062465	0.059888	0.065019	0.066486	0.062500	0.064225	0.063144	0.065229	0.086586	0.141997	0.065493	0.064830	0.066241	0.063896	0.061939	0.064439	0.063860	0.066626	0.074384	0.063313	0.347414	0.349280	0.345415	0.341666	0.353461	0.355569	0.350691	0.352058	0.354708	0.354658	0.344407	0.340504	0.350218	0.342668	0.353235	0.349083	0.353714	0.352934	0.329098	0.353294	0.350103	0.318489	0.334372	0.325076	0.349690	0.323852	0.325672	0.332712	0.326237	0.351095	0.326658	0.347272	0.352186	0.348028	0.322452	0.346921	0.345406	0.342519	0.339715	0.345171	0.353230	0.356394	0.323954	0.350222	0.349753	0.352454	0.326791	0.324922	0.334574	0.335438	0.328841	0.331411	0.327989	0.356125	0.353337	0.347986	0.352378	0.341468	0.348513	0.339111	0.355704	0.353571	0.353441	0.341475	
0.064389	0.063336	0.063817	0.062738	0.101874	0.064130	0.063234	0.000000	0.063002	0.137945	0.063177	0.065260	0.066651	0.060722	0.062842	0.063036	0.062253	0.062769	0.062724	0.065530	0.070270	0.065858	0.061093	0.075771	0.063911	0.065457	0.064067	0.062784	0.063406	0.064607	0.066735	0.062180	0.063332	0.060999	0.064864	0.095957	0.144350	0.065033	0.065916	0.067155	0.064348	0.064075	0.065198	0.064121	0.065315	0.075186	0.064387	0.353412	0.354725	0.350227	0.346576	0.359062	0.361358	0.356655	0.358168	0.360851	0.360996	0.349376	0.346918	0.355839	0.348596	0.359312	0.355519	0.359902	0.358984	0.321429	0.359736	0.355383	0.312264	0.327018	0.330259	0.356232	0.315962	0.335792	0.340540	0.343727	0.356586	0.342574	0.352649	0.358316	0.353943	0.330057	0.353259	0.350653	0.347710	0.342942	0.350730	0.358918	0.362593	0.329182	0.356485	0.355591	0.359514	0.329048	0.327198	0.338969	0.338283	0.325743	0.335484	0.305942	0.363013	0.359604	0.353357	0.358597	0.347233	0.353477	0.345762	0.362321	0.360461	0.358936	0.346965	
0.063204	0.063399	0.062869	0.062743	0.098655	0.063751	0.063103	0.063002	0.000000	0.139966	0.062791	0.068794	0.059113	0.060938	0.062311	0.063670	0.062337	0.063196	0.062578	0.064131	0.069685	0.065155	0.061102	0.082433	0.063240	0.063192	0.063690	0.062146	0.060769	0.064327	0.068065	0.062560	0.062661	0.063329	0.063756	0.089016	0.141897	0.064952	0.064554	0.066210	0.063719	0.063965	0.063389	0.063334	0.066368	0.070678	0.063020	0.350197	0.352426	0.348269	0.345517	0.356486	0.358382	0.353653	0.355102	0.357829	0.357917	0.347596	0.344418	0.353580	0.346763	0.356178	0.352629	0.356705	0.356032	0.327793	0.356330	0.353748	0.323038	0.334209	0.329797	0.352973	0.325843	0.333460	0.339553	0.333766	0.354318	0.335071	0.351087	0.355364	0.351522	0.328421	0.350410	0.348700	0.346019	0.343146	0.349402	0.356278	0.359655	0.323471	0.353618	0.353145	0.355424	0.333493	0.326952	0.339131	0.339580	0.333367	0.336483	0.334342	0.359372	0.356324	0.351614	0.355393	0.344990	0.351375	0.342968	0.358736	0.356797	0.356393	0.345788	
0.140165	0.139422	0.140599	0.135773	0.080723	0.138968	0.139470	0.137945	0.139966	0.000000	0.140165	0.145511	0.136673	0.137733	0.139271	0.141459	0.139556	0.140373	0.139870	0.141389	0.146734	0.143175	0.136100	0.144494	0.140483	0.131740	0.141472	0.139144	0.136654	0.131636	0.128673	0.136736	0.133056	0.137961	0.135561	0.138334	0.155648	0.131702	0.143131	0.144051	0.140542	0.141509	0.132968	0.138325	0.136623	0.125393	0.137979	0.227053	0.227580	0.225694	0.222527	0.231650	0.232854	0.229551	0.230314	0.232265	0.232734	0.224535	0.221374	0.230100	0.225073	0.230595	0.228598	0.231819	0.232188	0.219382	0.231704	0.229467	0.209252	0.211861	0.227050	0.228269	0.212517	0.226494	0.217371	0.227036	0.229992	0.217379	0.227244	0.231136	0.227759	0.213884	0.226300	0.224967	0.222170	0.221329	0.225375	0.231420	0.234124	0.221678	0.229323	0.230527	0.232573	0.218758	0.214734	0.216906	0.219218	0.217730	0.214362	0.211612	0.234136	0.231519	0.228685	0.231003	0.223968	0.228717	0.221734	0.233294	0.232196	0.231438	0.222920	
0.063601	0.063386	0.063184	0.063504	0.102994	0.064174	0.063240	0.063177	0.062791	0.140165	0.000000	0.067995	0.065035	0.061229	0.062265	0.063946	0.062845	0.063616	0.062335	0.064722	0.069968	0.065500	0.061394	0.084085	0.063481	0.063393	0.063633	0.062760	0.062160	0.065364	0.067381	0.063046	0.062542	0.063334	0.065060	0.090152	0.144417	0.066561	0.064986	0.066258	0.064056	0.064028	0.063749	0.064209	0.064836	0.075327	0.063344	0.349405	0.350836	0.347453	0.343368	0.354922	0.357133	0.352382	0.353691	0.356305	0.356173	0.346770	0.342736	0.352023	0.345492	0.354775	0.350887	0.355388	0.354696	0.329432	0.355234	0.352033	0.322555	0.332096	0.332162	0.351731	0.321978	0.332494	0.333940	0.320344	0.352798	0.333214	0.349149	0.353986	0.349835	0.328506	0.348751	0.347090	0.344525	0.341027	0.347760	0.354668	0.358184	0.325239	0.352086	0.351999	0.354508	0.329886	0.329647	0.337175	0.337129	0.330047	0.334838	0.327999	0.357747	0.355032	0.350262	0.353922	0.343714	0.350495	0.341478	0.357294	0.355350	0.354930	0.343776	
0.069593	0.065821	0.068995	0.075075	0.097561	0.072378	0.071574	0.065260	0.068794	0.145511	0.067995	0.000000	0.078913	0.061694	0.066774	0.065232	0.065572	0.066412	0.068054	0.063770	0.073279	0.072851	0.062842	0.077475	0.068370	0.060584	0.066706	0.065017	0.065646	0.059179	0.078947	0.073195	0.066667	0.078346	0.075712	0.081395	0.112930	0.070381	0.067651	0.074521	0.070281	0.072857	0.067398	0.069987	0.072150	0.073770	0.072567	0.344679	0.348225	0.330298	0.326008	0.346804	0.347409	0.347879	0.348133	0.350162	0.347093	0.336732	0.333841	0.340595	0.321515	0.345399	0.344220	0.349201	0.344402	0.311111	0.352177	0.338931	0.275362	0.172131	0.372093	0.347406	0.314516	0.334426	0.298969	0.287879	0.345655	0.282851	0.341585	0.347336	0.339125	0.266917	0.339516	0.335272	0.331412	0.316776	0.338833	0.349230	0.350894	0.259542	0.347909	0.338662	0.346442	0.306338	0.301493	0.315587	0.317441	0.216495	0.306868	0.277228	0.351776	0.351384	0.338273	0.349006	0.327467	0.341031	0.328190	0.350449	0.348000	0.346288	0.325872	
0.065148	0.063957	0.064229	0.065699	0.099727	0.065461	0.063827	0.066651	0.059113	0.136673	0.065035	0.078913	0.000000	0.063409	0.064325	0.064930	0.061324	0.064662	0.065330	0.064842	0.065544	0.065900	0.062243	0.081697	0.065689	0.064199	0.063384	0.062774	0.065039	0.068227	0.083369	0.063215	0.071054	0.064411	0.068969	0.101110	0.134315	0.068701	0.066585	0.067251	0.065114	0.067062	0.066956	0.066023	0.066108	0.060535	0.064324	0.346738	0.350224	0.344524	0.337627	0.353886	0.357010	0.350854	0.353958	0.355498	0.356451	0.344559	0.337721	0.349621	0.338789	0.354406	0.348551	0.354944	0.353397	0.314224	0.355089	0.349454	0.300223	0.324883	0.306938	0.350216	0.325050	0.316171	0.327406	0.286149	0.351999	0.322884	0.347040	0.352200	0.347600	0.325926	0.347814	0.343865	0.339470	0.335243	0.345411	0.353491	0.357355	0.307263	0.348824	0.349459	0.352189	0.312387	0.307301	0.328954	0.331042	0.313570	0.319616	0.312856	0.357818	0.353654	0.346409	0.353647	0.335791	0.348362	0.337474	0.357966	0.354995	0.354961	0.339666	
0.061336	0.061153	0.060745	0.062107	0.101499	0.061522	0.061256	0.060722	0.060938	0.137733	0.061229	0.061694	0.063409	0.000000	0.059489	0.060962	0.060333	0.061302	0.060560	0.062592	0.067626	0.062505	0.058341	0.081074	0.061144	0.060849	0.062124	0.060442	0.059827	0.062791	0.070503	0.060928	0.062563	0.062352	0.062596	0.084001	0.134708	0.063697	0.062248	0.063801	0.061569	0.061695	0.061774	0.062143	0.062679	0.069245	0.061207	0.345231	0.346412	0.342160	0.338412	0.351150	0.353025	0.348219	0.349727	0.352379	0.352055	0.341146	0.336210	0.347379	0.339408	0.350636	0.346227	0.351235	0.350379	0.319708	0.350653	0.347358	0.313939	0.326552	0.321533	0.347170	0.319507	0.318161	0.329047	0.321691	0.348644	0.325179	0.344460	0.349685	0.345374	0.318399	0.343715	0.342223	0.338835	0.335320	0.342691	0.350719	0.354222	0.313423	0.347489	0.347137	0.349648	0.324775	0.321683	0.331088	0.330114	0.322206	0.327562	0.322982	0.353727	0.351109	0.345106	0.349801	0.337049	0.345609	0.334368	0.353523	0.351240	0.350891	0.338771	
0.062493	0.062303	0.062381	0.062633	0.102436	0.063109	0.061844	0.062842	0.062311	0.139271	0.062265	0.066774	0.064325	0.059489	0.000000	0.062676	0.061414	0.062639	0.061807	0.063651	0.069045	0.064554	0.059667	0.083723	0.063197	0.062173	0.063005	0.061800	0.060218	0.065042	0.067028	0.061282	0.064188	0.064272	0.063350	0.091432	0.140013	0.064164	0.064246	0.065482	0.063093	0.063170	0.063143	0.063367	0.064877	0.069159	0.062014	0.348644	0.350279	0.346554	0.342810	0.354367	0.356481	0.351714	0.353055	0.355631	0.355874	0.345561	0.342086	0.351257	0.344013	0.354021	0.350262	0.354662	0.353965	0.328082	0.354374	0.351352	0.321988	0.332678	0.325713	0.351101	0.325475	0.332781	0.334580	0.330078	0.352251	0.331755	0.348500	0.353135	0.349214	0.324687	0.348023	0.346464	0.343807	0.341123	0.346544	0.353972	0.357479	0.322969	0.351123	0.350739	0.353764	0.332094	0.329521	0.336680	0.337337	0.335107	0.333991	0.330925	0.357002	0.354316	0.349460	0.353323	0.342769	0.349443	0.340366	0.356492	0.354669	0.354189	0.343846	
0.063926	0.063500	0.063758	0.064699	0.103719	0.064162	0.063610	0.063036	0.063670	0.141459	0.063946	0.065232	0.064930	0.060962	0.062676	0.000000	0.062790	0.064123	0.063023	0.065428	0.070452	0.065853	0.061422	0.078140	0.064549	0.063178	0.064221	0.063508	0.063639	0.064797	0.067763	0.063079	0.063053	0.063419	0.064598	0.094526	0.144550	0.067365	0.065365	0.067118	0.064457	0.064608	0.064641	0.064530	0.065794	0.070843	0.064338	0.350295	0.351921	0.348623	0.344754	0.356022	0.358016	0.353331	0.354790	0.357112	0.357217	0.347267	0.343421	0.353269	0.346295	0.355728	0.351896	0.356196	0.355693	0.333959	0.355938	0.353386	0.322362	0.336668	0.331518	0.352761	0.328118	0.334313	0.337418	0.331720	0.353942	0.334703	0.350316	0.354764	0.350994	0.328144	0.350031	0.348503	0.345643	0.343473	0.348715	0.355796	0.359128	0.325473	0.352991	0.352588	0.355589	0.332506	0.331494	0.339208	0.339460	0.333529	0.336046	0.332622	0.358826	0.356045	0.351268	0.354875	0.344988	0.351514	0.343014	0.358224	0.356451	0.355973	0.345928	
0.062648	0.062516	0.062183	0.062619	0.101840	0.063499	0.062692	0.062253	0.062337	0.139556	0.062845	0.065572	0.061324	0.060333	0.061414	0.062790	0.000000	0.063054	0.061882	0.063995	0.068978	0.064633	0.060291	0.084396	0.063309	0.062784	0.063153	0.062081	0.060585	0.063819	0.067230	0.062233	0.059501	0.062977	0.063113	0.092080	0.139330	0.065243	0.064153	0.065662	0.063099	0.063136	0.062980	0.063050	0.062974	0.074195	0.062314	0.347921	0.349558	0.345855	0.342844	0.353925	0.355809	0.351067	0.352390	0.354997	0.354920	0.345643	0.341891	0.350772	0.343664	0.353612	0.349638	0.354173	0.353519	0.328218	0.353535	0.350951	0.317901	0.333595	0.328535	0.350178	0.326573	0.328228	0.335012	0.330195	0.351680	0.328828	0.347969	0.352645	0.348514	0.327152	0.347758	0.346023	0.343039	0.340315	0.346115	0.353612	0.357046	0.323225	0.350709	0.350588	0.353224	0.326675	0.327068	0.335814	0.335768	0.333964	0.333166	0.330167	0.356447	0.353905	0.348776	0.352599	0.342520	0.349083	0.339907	0.356022	0.354134	0.353866	0.343148	
0.063937	0.063478	0.063348	0.063672	0.103895	0.064340	0.063838	0.062769	0.063196	0.140373	0.063616	0.066412	0.064662	0.061302	0.062639	0.064123	0.063054	0.000000	0.062453	0.064869	0.070490	0.065915	0.061633	0.084876	0.063759	0.062026	0.064575	0.062944	0.061714	0.064219	0.070334	0.062574	0.060701	0.063815	0.064608	0.090603	0.142505	0.066008	0.065006	0.066578	0.064077	0.064426	0.063718	0.064025	0.064081	0.074197	0.063399	0.349823	0.351371	0.347948	0.344633	0.355562	0.357351	0.352699	0.354174	0.356582	0.356501	0.347114	0.343721	0.352591	0.346016	0.355089	0.351550	0.355686	0.355066	0.330102	0.355379	0.352872	0.327582	0.335801	0.329588	0.351965	0.329748	0.335201	0.336621	0.325147	0.353287	0.333998	0.349907	0.354203	0.350566	0.328389	0.349341	0.347998	0.345152	0.342357	0.348066	0.355195	0.358566	0.327753	0.352403	0.352243	0.355073	0.332851	0.331466	0.338122	0.339274	0.333411	0.336473	0.331147	0.357972	0.355427	0.350821	0.354377	0.344445	0.350988	0.341836	0.357546	0.355758	0.355440	0.344874	
0.062896	0.062751	0.062147	0.063220	0.102456	0.063208	0.062848	0.062724	0.062578	0.139870	0.062335	0.068054	0.065330	0.060560	0.061807	0.063023	0.061882	0.062453	0.000000	0.064395	0.069560	0.065091	0.060378	0.080439	0.063252	0.063454	0.062603	0.062106	0.062469	0.065664	0.064684	0.061402	0.064630	0.062883	0.064943	0.088867	0.139881	0.066073	0.064781	0.066287	0.063567	0.063414	0.063225	0.062979	0.066516	0.067633	0.062752	0.351987	0.353617	0.350374	0.345153	0.357648	0.360501	0.355320	0.356986	0.359756	0.359437	0.349187	0.345776	0.354796	0.346873	0.357600	0.354280	0.358789	0.357703	0.323234	0.358432	0.354668	0.307542	0.333689	0.329076	0.354251	0.331470	0.335757	0.335395	0.341485	0.355532	0.335089	0.351717	0.356936	0.353089	0.326896	0.351344	0.350114	0.347382	0.344213	0.350066	0.357879	0.361643	0.327333	0.355025	0.354967	0.357577	0.329748	0.329090	0.339712	0.337945	0.334946	0.335429	0.332092	0.361464	0.357859	0.352578	0.356842	0.346213	0.353316	0.342460	0.360892	0.359167	0.358056	0.346301	
0.065167	0.064426	0.064460	0.065014	0.104175	0.065628	0.064523	0.065530	0.064131	0.141389	0.064722	0.063770	0.064842	0.062592	0.063651	0.065428	0.063995	0.064869	0.064395	0.000000	0.070424	0.067055	0.062406	0.083937	0.065694	0.063964	0.065018	0.064666	0.064364	0.066434	0.068282	0.063890	0.063566	0.064683	0.066278	0.092765	0.145725	0.067638	0.066746	0.068487	0.065596	0.065872	0.066292	0.065863	0.067445	0.075627	0.065069	0.351210	0.352667	0.349054	0.345292	0.356770	0.358743	0.353965	0.355394	0.357929	0.357961	0.348155	0.344738	0.353503	0.346823	0.356377	0.352718	0.357009	0.356417	0.331276	0.356862	0.354050	0.326529	0.335470	0.329326	0.353181	0.328225	0.333203	0.337998	0.334003	0.354345	0.331612	0.350895	0.355582	0.351542	0.329780	0.350979	0.348867	0.345921	0.343387	0.349211	0.356426	0.359901	0.324246	0.353753	0.353335	0.356371	0.331804	0.332026	0.338826	0.339053	0.331687	0.336599	0.331824	0.359386	0.356740	0.351786	0.355673	0.345056	0.352009	0.342865	0.358911	0.357161	0.356796	0.345765	
0.070109	0.069946	0.070037	0.069528	0.101432	0.071163	0.069898	0.070270	0.069685	0.146734	0.069968	0.073279	0.065544	0.067626	0.069045	0.070452	0.068978	0.070490	0.069560	0.070424	0.000000	0.072080	0.067243	0.084526	0.070277	0.067246	0.070598	0.069501	0.066795	0.071091	0.071753	0.068404	0.068708	0.070027	0.070011	0.101129	0.148197	0.071901	0.071812	0.073306	0.070908	0.071172	0.070775	0.070944	0.072256	0.075667	0.069714	0.356060	0.357521	0.354032	0.350381	0.361718	0.363562	0.358890	0.360373	0.362772	0.362878	0.353120	0.349752	0.358858	0.351830	0.361218	0.357699	0.361846	0.361278	0.336808	0.361571	0.359236	0.331769	0.338610	0.335309	0.358127	0.331380	0.338472	0.344484	0.332964	0.359445	0.338586	0.355906	0.360411	0.356548	0.335850	0.355787	0.354089	0.351371	0.348609	0.354233	0.361386	0.364584	0.330048	0.358650	0.358331	0.361196	0.337900	0.336866	0.344170	0.343938	0.337572	0.341575	0.338267	0.364128	0.361548	0.356871	0.360588	0.350603	0.357170	0.348491	0.363711	0.361938	0.361490	0.350854	
0.066087	0.065386	0.065182	0.065139	0.106147	0.065818	0.065177	0.065858	0.065155	0.143175	0.065500	0.072851	0.065900	0.062505	0.064554	0.065853	0.064633	0.065915	0.065091	0.067055	0.072080	0.000000	0.062807	0.081747	0.065848	0.064466	0.065706	0.065042	0.063017	0.065744	0.068857	0.064779	0.067045	0.064392	0.066611	0.096828	0.146307	0.068675	0.067047	0.068757	0.065983	0.066269	0.066391	0.066098	0.067536	0.078425	0.065633	0.351408	0.352735	0.349468	0.345835	0.356949	0.358779	0.354075	0.355489	0.357943	0.358049	0.348567	0.345213	0.354015	0.347208	0.356534	0.352782	0.356997	0.356507	0.332200	0.356819	0.354383	0.328018	0.335937	0.329830	0.353198	0.329814	0.334328	0.339701	0.335768	0.354679	0.335449	0.351243	0.355573	0.351975	0.329734	0.350779	0.349072	0.346419	0.344043	0.349335	0.356646	0.359789	0.325044	0.353820	0.353624	0.356305	0.333532	0.332187	0.339333	0.339478	0.334702	0.337505	0.335328	0.359311	0.356760	0.352176	0.355836	0.345925	0.352171	0.343469	0.358889	0.357138	0.356746	0.345893	
0.061484	0.060796	0.061302	0.061916	0.102952	0.062201	0.060343	0.061093	0.061102	0.136100	0.061394	0.062842	0.062243	0.058341	0.059667	0.061422	0.060291	0.061633	0.060378	0.062406	0.067243	0.062807	0.000000	0.077045	0.061931	0.060748	0.061925	0.060756	0.060928	0.062457	0.066535	0.060193	0.062880	0.061018	0.062425	0.086881	0.136517	0.064156	0.062564	0.064058	0.061867	0.061730	0.063311	0.062040	0.063128	0.065779	0.061403	0.344949	0.346551	0.342861	0.338101	0.351083	0.353553	0.348160	0.350584	0.352756	0.352800	0.342152	0.337892	0.347932	0.339041	0.351201	0.346860	0.351537	0.350787	0.319244	0.350739	0.347611	0.308964	0.326729	0.317915	0.347426	0.312500	0.322456	0.330050	0.314136	0.348430	0.323126	0.344845	0.349662	0.345791	0.319694	0.343612	0.342851	0.338940	0.335096	0.342449	0.350987	0.354637	0.315401	0.348016	0.347014	0.350306	0.320751	0.320769	0.331373	0.331268	0.326588	0.327320	0.312141	0.354238	0.351733	0.345103	0.350209	0.338429	0.345640	0.335449	0.353859	0.351659	0.351590	0.338966	
0.083624	0.083869	0.084089	0.082244	0.110842	0.083435	0.082213	0.075771	0.082433	0.144494	0.084085	0.077475	0.081697	0.081074	0.083723	0.078140	0.084396	0.084876	0.080439	0.083937	0.084526	0.081747	0.077045	0.000000	0.081886	0.078377	0.079060	0.081625	0.081265	0.090439	0.074854	0.076729	0.080574	0.084894	0.080760	0.079108	0.056494	0.090986	0.085866	0.086922	0.084020	0.083190	0.076889	0.081945	0.086957	0.093633	0.082729	0.332560	0.333567	0.328547	0.323673	0.341110	0.341835	0.335438	0.339454	0.340942	0.342003	0.328448	0.322323	0.334074	0.326767	0.338673	0.335497	0.340410	0.337609	0.298785	0.341312	0.336109	0.290722	0.264484	0.298787	0.335007	0.262570	0.324133	0.342610	0.248175	0.336737	0.302907	0.331850	0.337854	0.333740	0.283650	0.329219	0.329718	0.323743	0.318657	0.327959	0.339568	0.343859	0.271042	0.337356	0.336032	0.337610	0.302292	0.297178	0.321910	0.312432	0.327055	0.302459	0.305000	0.342487	0.340654	0.331459	0.338221	0.330783	0.332528	0.323631	0.341996	0.339374	0.338887	0.328108	
0.063917	0.063765	0.063841	0.064959	0.103564	0.064463	0.063459	0.063911	0.063240	0.140483	0.063481	0.068370	0.065689	0.061144	0.063197	0.064549	0.063309	0.063759	0.063252	0.065694	0.070277	0.065848	0.061931	0.081886	0.000000	0.063651	0.064158	0.063192	0.060238	0.064308	0.068118	0.062475	0.063976	0.064142	0.064528	0.087557	0.146036	0.066876	0.065743	0.066831	0.064470	0.064469	0.064864	0.064144	0.062332	0.078546	0.063905	0.352711	0.354192	0.350464	0.347396	0.358454	0.360827	0.356084	0.357711	0.359814	0.359914	0.350143	0.346100	0.355216	0.349369	0.358037	0.354579	0.358969	0.358184	0.328294	0.358356	0.355761	0.324666	0.332699	0.329852	0.355314	0.325003	0.332650	0.334433	0.335638	0.356178	0.333356	0.353120	0.357360	0.353472	0.329561	0.352724	0.350936	0.347517	0.344115	0.350706	0.358267	0.361939	0.319849	0.355753	0.355236	0.358170	0.331746	0.325024	0.339700	0.340447	0.334869	0.335799	0.329261	0.361370	0.358744	0.353133	0.357403	0.346804	0.353677	0.344093	0.361175	0.358998	0.358554	0.347556	
0.063148	0.061489	0.063182	0.064169	0.100182	0.063737	0.063230	0.065457	0.063192	0.131740	0.063393	0.060584	0.064199	0.060849	0.062173	0.063178	0.062784	0.062026	0.063454	0.063964	0.067246	0.064466	0.060748	0.078377	0.063651	0.000000	0.063102	0.062136	0.067120	0.064971	0.069915	0.062755	0.063853	0.066716	0.066475	0.085136	0.129299	0.067309	0.064065	0.065934	0.063360	0.063952	0.065031	0.063636	0.067185	0.071613	0.063527	0.340080	0.343484	0.338134	0.333420	0.348547	0.350214	0.344594	0.347198	0.350280	0.348841	0.336561	0.331681	0.344934	0.334244	0.347667	0.342588	0.348449	0.347315	0.304994	0.347271	0.342748	0.295779	0.318928	0.311965	0.344349	0.286142	0.317674	0.314726	0.304615	0.345752	0.315678	0.340580	0.346427	0.342124	0.313579	0.340402	0.338105	0.334070	0.330050	0.337912	0.347343	0.351821	0.313759	0.344568	0.342707	0.346586	0.305183	0.313088	0.325433	0.323315	0.307311	0.319164	0.306675	0.351911	0.348387	0.340669	0.347052	0.331738	0.342152	0.327654	0.351133	0.348233	0.348252	0.334176	
0.064064	0.063583	0.063750	0.064061	0.105095	0.064866	0.064099	0.064067	0.063690	0.141472	0.063633	0.066706	0.063384	0.062124	0.063005	0.064221	0.063153	0.064575	0.062603	0.065018	0.070598	0.065706	0.061925	0.079060	0.064158	0.063102	0.000000	0.063451	0.062012	0.064654	0.066884	0.063495	0.062256	0.063852	0.064217	0.091684	0.139928	0.065682	0.065472	0.066935	0.064464	0.064336	0.064502	0.064162	0.065756	0.073241	0.063776	0.348906	0.350414	0.346863	0.342910	0.354558	0.356355	0.351676	0.353316	0.355704	0.355670	0.346039	0.342609	0.351428	0.344200	0.354114	0.350394	0.354730	0.353988	0.327669	0.354344	0.351376	0.321634	0.331255	0.328534	0.350813	0.325994	0.330131	0.335005	0.333606	0.352226	0.330497	0.348864	0.353266	0.349459	0.327566	0.348063	0.346588	0.344296	0.340702	0.346742	0.354221	0.357465	0.323583	0.351273	0.351148	0.353812	0.328072	0.330170	0.335981	0.337069	0.331480	0.334241	0.332584	0.357028	0.354303	0.349585	0.353371	0.342865	0.349476	0.340537	0.356537	0.354692	0.354420	0.343474	
0.063165	0.062763	0.062910	0.063453	0.102043	0.063772	0.062465	0.062784	0.062146	0.139144	0.062760	0.065017	0.062774	0.060442	0.061800	0.063508	0.062081	0.062944	0.062106	0.064666	0.069501	0.065042	0.060756	0.081625	0.063192	0.062136	0.063451	0.000000	0.060261	0.063342	0.066569	0.062171	0.063243	0.063384	0.064070	0.087859	0.141099	0.065890	0.064632	0.065785	0.063678	0.063589	0.063800	0.064041	0.065533	0.068325	0.062970	0.350145	0.351711	0.348064	0.343723	0.356349	0.358104	0.353238	0.354820	0.357470	0.357565	0.347072	0.342836	0.353141	0.345997	0.355829	0.352146	0.356402	0.355586	0.329722	0.355802	0.353019	0.320224	0.330274	0.329327	0.352480	0.322947	0.330589	0.337608	0.330045	0.353799	0.333255	0.349883	0.355066	0.350784	0.328136	0.349392	0.347449	0.345270	0.341321	0.348345	0.355640	0.359167	0.321105	0.352620	0.352341	0.355129	0.328287	0.326608	0.337457	0.337514	0.334351	0.333417	0.326724	0.358614	0.356117	0.350463	0.354758	0.344711	0.351058	0.341838	0.358309	0.356740	0.356129	0.345292	
0.062124	0.058668	0.060568	0.064241	0.098666	0.062018	0.059888	0.063406	0.060769	0.136654	0.062160	0.065646	0.065039	0.059827	0.060218	0.063639	0.060585	0.061714	0.062469	0.064364	0.066795	0.063017	0.060928	0.081265	0.060238	0.067120	0.062012	0.060261	0.000000	0.063161	0.074830	0.063898	0.063919	0.065625	0.066702	0.101322	0.130319	0.060560	0.065776	0.063572	0.061496	0.062227	0.064564	0.061760	0.074614	0.070845	0.063995	0.341612	0.345846	0.338085	0.333804	0.350596	0.350226	0.344165	0.349107	0.349286	0.352739	0.336805	0.333230	0.343350	0.331927	0.349619	0.344366	0.350427	0.348567	0.312805	0.348782	0.343825	0.306792	0.295533	0.326560	0.346182	0.299786	0.306679	0.322468	0.364964	0.346383	0.330784	0.340375	0.346188	0.342854	0.299129	0.342793	0.341796	0.335404	0.325294	0.338612	0.350429	0.353244	0.314385	0.346564	0.344010	0.346895	0.285714	0.299924	0.316443	0.322799	0.277136	0.311164	0.317597	0.353077	0.348910	0.342245	0.348347	0.334741	0.341138	0.324878	0.352453	0.349445	0.348437	0.333577	
0.063749	0.066042	0.065252	0.067565	0.095214	0.066898	0.065019	0.064607	0.064327	0.131636	0.065364	0.059179	0.068227	0.062791	0.065042	0.064797	0.063819	0.064219	0.065664	0.066434	0.071091	0.065744	0.062457	0.090439	0.064308	0.064971	0.064654	0.063342	0.063161	0.000000	0.078238	0.064378	0.067399	0.067277	0.069481	0.084211	0.132606	0.068631	0.066888	0.066178	0.066220	0.065640	0.065376	0.064447	0.067354	0.061021	0.064279	0.339073	0.341473	0.332877	0.324980	0.346179	0.349106	0.343800	0.345914	0.347770	0.348029	0.330419	0.327645	0.341545	0.327713	0.345955	0.340547	0.346501	0.345249	0.288803	0.345022	0.338706	0.323741	0.273438	0.285714	0.342543	0.300730	0.296337	0.323804	0.333333	0.342774	0.314602	0.338588	0.343449	0.339790	0.286061	0.333803	0.333696	0.329055	0.324201	0.333989	0.346430	0.349190	0.285973	0.339634	0.342501	0.344996	0.298409	0.276578	0.316724	0.316275	0.301291	0.300755	0.302597	0.349954	0.346853	0.334706	0.346784	0.324810	0.337419	0.323380	0.350908	0.347605	0.346181	0.328094	
0.070187	0.067511	0.065873	0.073405	0.096727	0.067285	0.066486	0.066735	0.068065	0.128673	0.067381	0.078947	0.083369	0.070503	0.067028	0.067763	0.067230	0.070334	0.064684	0.068282	0.071753	0.068857	0.066535	0.074854	0.068118	0.069915	0.066884	0.066569	0.074830	0.078238	0.000000	0.064854	0.052561	0.068647	0.066712	0.057554	0.141079	0.078181	0.068201	0.070960	0.067350	0.068258	0.071268	0.070114	0.070840	0.081897	0.064838	0.325272	0.329965	0.321816	0.316344	0.341460	0.340901	0.333491	0.337802	0.337697	0.340286	0.320066	0.306024	0.334219	0.308468	0.335432	0.332716	0.337561	0.331474	0.231947	0.336210	0.331891	0.286713	0.283186	0.260135	0.327465	0.207729	0.264198	0.269350	0.305085	0.330433	0.285714	0.322164	0.334626	0.328830	0.282460	0.324700	0.316949	0.313272	0.301125	0.321108	0.337120	0.340594	0.271820	0.331553	0.327333	0.329762	0.231092	0.240188	0.298613	0.300061	0.286585	0.282051	0.287425	0.340783	0.337936	0.323704	0.342786	0.313216	0.325834	0.312956	0.343209	0.339258	0.338348	0.324285	
0.062579	0.062151	0.062637	0.062679	0.100953	0.063248	0.062500	0.062180	0.062560	0.136736	0.063046	0.073195	0.063215	0.060928	0.061282	0.063079	0.062233	0.062574	0.061402	0.063890	0.068404	0.064779	0.060193	0.076729	0.062475	0.062755	0.063495	0.062171	0.063898	0.064378	0.064854	0.000000	0.062919	0.062459	0.063326	0.077950	0.134906	0.067138	0.064010	0.065604	0.062871	0.063239	0.063353	0.062964	0.064119	0.069528	0.062935	0.347689	0.350009	0.344620	0.340736	0.354603	0.356602	0.351204	0.352857	0.355676	0.356010	0.343188	0.339262	0.350839	0.341023	0.354083	0.350008	0.354515	0.353838	0.318868	0.353953	0.350529	0.316193	0.325412	0.321474	0.350657	0.311036	0.320967	0.329466	0.318532	0.351792	0.325680	0.347262	0.352453	0.348374	0.321826	0.346660	0.345664	0.340840	0.336536	0.344773	0.353754	0.357736	0.304171	0.350818	0.350167	0.352649	0.325761	0.322972	0.331715	0.331095	0.321287	0.328271	0.317355	0.357143	0.353906	0.348149	0.353103	0.339824	0.347798	0.337496	0.357373	0.354894	0.354249	0.341455	
0.063504	0.063027	0.063317	0.065741	0.095335	0.064571	0.064225	0.063332	0.062661	0.133056	0.062542	0.066667	0.071054	0.062563	0.064188	0.063053	0.059501	0.060701	0.064630	0.063566	0.068708	0.067045	0.062880	0.080574	0.063976	0.063853	0.062256	0.063243	0.063919	0.067399	0.052561	0.062919	0.000000	0.062863	0.067201	0.094170	0.130051	0.074472	0.065748	0.066745	0.062967	0.062468	0.062791	0.065996	0.066255	0.075980	0.063891	0.342260	0.343842	0.338530	0.335856	0.350054	0.352819	0.345936	0.346902	0.351049	0.349950	0.339179	0.335600	0.342000	0.334329	0.346516	0.342673	0.349750	0.348415	0.303728	0.347250	0.344429	0.296703	0.297561	0.365646	0.345083	0.250847	0.298335	0.322902	0.285714	0.346327	0.288867	0.342379	0.349717	0.340547	0.302477	0.342165	0.338421	0.334088	0.329269	0.339707	0.348008	0.353317	0.302632	0.344687	0.345919	0.347177	0.288623	0.279925	0.316158	0.325042	0.307479	0.320454	0.316327	0.355271	0.348979	0.338398	0.348730	0.322972	0.340353	0.330103	0.352074	0.350019	0.350904	0.334222	
0.064697	0.063368	0.063786	0.063372	0.101558	0.064564	0.063144	0.060999	0.063329	0.137961	0.063334	0.078346	0.064411	0.062352	0.064272	0.063419	0.062977	0.063815	0.062883	0.064683	0.070027	0.064392	0.061018	0.084894	0.064142	0.066716	0.063852	0.063384	0.065625	0.067277	0.068647	0.062459	0.062863	0.000000	0.062102	0.087814	0.145820	0.067265	0.065209	0.068557	0.064643	0.064299	0.069991	0.064466	0.069039	0.062280	0.064246	0.350277	0.351069	0.345820	0.348442	0.357703	0.360056	0.354314	0.356609	0.357918	0.359567	0.342743	0.338490	0.352386	0.348006	0.358443	0.352039	0.357526	0.357875	0.300893	0.356480	0.352231	0.285012	0.323364	0.310709	0.353327	0.311198	0.295164	0.319073	0.321622	0.354868	0.317952	0.348511	0.354717	0.350678	0.329425	0.349862	0.346569	0.344151	0.336767	0.347548	0.357935	0.361700	0.306066	0.354591	0.353697	0.356343	0.322222	0.303136	0.333221	0.332971	0.282201	0.323365	0.307947	0.362377	0.357804	0.349217	0.357405	0.342461	0.349056	0.335920	0.360698	0.357767	0.356481	0.343270	
0.065045	0.065438	0.064788	0.065478	0.100647	0.065860	0.065229	0.064864	0.063756	0.135561	0.065060	0.075712	0.068969	0.062596	0.063350	0.064598	0.063113	0.064608	0.064943	0.066278	0.070011	0.066611	0.062425	0.080760	0.064528	0.066475	0.064217	0.064070	0.066702	0.069481	0.066712	0.063326	0.067201	0.062102	0.000000	0.089494	0.143848	0.070687	0.066935	0.068408	0.065249	0.065171	0.064612	0.066079	0.072278	0.066548	0.065241	0.347212	0.348871	0.343050	0.339236	0.354560	0.357365	0.350747	0.353362	0.355884	0.355162	0.344393	0.336194	0.349120	0.343476	0.353782	0.349446	0.355397	0.353662	0.314094	0.354461	0.349311	0.289685	0.319408	0.306610	0.350569	0.296486	0.324909	0.319703	0.301980	0.351601	0.308115	0.346874	0.354264	0.348031	0.308899	0.346759	0.343667	0.338213	0.331773	0.345250	0.354402	0.359416	0.313140	0.351751	0.349807	0.352381	0.306958	0.303827	0.332776	0.326083	0.306628	0.322852	0.289820	0.357956	0.354184	0.346010	0.352999	0.340463	0.347270	0.336047	0.357608	0.355852	0.355283	0.343114	
0.094333	0.089384	0.090843	0.091149	0.117453	0.089912	0.086586	0.095957	0.089016	0.138334	0.090152	0.081395	0.101110	0.084001	0.091432	0.094526	0.092080	0.090603	0.088867	0.092765	0.101129	0.096828	0.086881	0.079108	0.087557	0.085136	0.091684	0.087859	0.101322	0.084211	0.057554	0.077950	0.094170	0.087814	0.089494	0.000000	0.059796	0.106145	0.094041	0.088533	0.085592	0.094256	0.096935	0.075603	0.094595	0.058252	0.094494	0.324165	0.323146	0.330918	0.314530	0.336430	0.330944	0.328146	0.334907	0.332364	0.333391	0.319641	0.303451	0.327291	0.314131	0.323160	0.332710	0.329030	0.332903	0.322368	0.326425	0.329160	0.339623	0.290323	0.287770	0.327457	0.155844	0.246154	0.224000	0.230769	0.333722	0.267281	0.320991	0.322598	0.322540	0.282209	0.323632	0.327218	0.317304	0.300544	0.320010	0.332801	0.337203	0.267606	0.322613	0.323643	0.327976	0.267016	0.333333	0.292279	0.287462	0.347826	0.290807	0.245902	0.334844	0.333570	0.319640	0.331977	0.332014	0.320224	0.306870	0.333957	0.327051	0.329035	0.299730	
0.140749	0.142635	0.142774	0.141613	0.150738	0.143038	0.141997	0.144350	0.141897	0.155648	0.144417	0.112930	0.134315	0.134708	0.140013	0.144550	0.139330	0.142505	0.139881	0.145725	0.148197	0.146307	0.136517	0.056494	0.146036	0.129299	0.139928	0.141099	0.130319	0.132606	0.141079	0.134906	0.130051	0.145820	0.143848	0.059796	0.000000	0.139295	0.145256	0.139565	0.143853	0.144692	0.137277	0.143676	0.132906	0.111111	0.135187	0.290731	0.291368	0.285953	0.284320	0.297096	0.298422	0.292896	0.292951	0.297496	0.297957	0.284764	0.287255	0.293927	0.293514	0.295869	0.292773	0.297512	0.298249	0.266725	0.297726	0.297249	0.297131	0.241096	0.255269	0.294266	0.317130	0.263158	0.277070	0.262911	0.295474	0.280782	0.287996	0.295988	0.294164	0.264390	0.295275	0.290894	0.287695	0.284088	0.288673	0.298298	0.299610	0.267504	0.293874	0.294815	0.298113	0.270833	0.258553	0.275173	0.276893	0.280000	0.277202	0.279245	0.300530	0.297289	0.293601	0.299704	0.286344	0.292147	0.281132	0.298820	0.298087	0.295837	0.285380	
0.066711	0.064398	0.065333	0.066625	0.099092	0.067004	0.065493	0.065033	0.064952	0.131702	0.066561	0.070381	0.068701	0.063697	0.064164	0.067365	0.065243	0.066008	0.066073	0.067638	0.071901	0.068675	0.064156	0.090986	0.066876	0.067309	0.065682	0.065890	0.060560	0.068631	0.078181	0.067138	0.074472	0.067265	0.070687	0.106145	0.139295	0.000000	0.065139	0.066041	0.065156	0.065896	0.068653	0.064808	0.069014	0.074024	0.066581	0.343267	0.344683	0.339433	0.333215	0.349959	0.353252	0.346207	0.350800	0.352263	0.352580	0.337297	0.330994	0.343758	0.331394	0.350665	0.345311	0.351309	0.349749	0.295810	0.349043	0.341773	0.267123	0.284848	0.296094	0.344993	0.281471	0.284283	0.325000	0.347328	0.348188	0.307125	0.343409	0.348233	0.344508	0.292235	0.342326	0.340251	0.339625	0.330475	0.340237	0.349924	0.354057	0.272129	0.346295	0.346915	0.347390	0.308656	0.296552	0.317710	0.323498	0.294654	0.314058	0.323338	0.355066	0.350450	0.341283	0.350910	0.330709	0.344206	0.331481	0.354738	0.353163	0.350952	0.330799	
0.065254	0.064481	0.064795	0.064408	0.105981	0.065743	0.064830	0.065916	0.064554	0.143131	0.064986	0.067651	0.066585	0.062248	0.064246	0.065365	0.064153	0.065006	0.064781	0.066746	0.071812	0.067047	0.062564	0.085866	0.065743	0.064065	0.065472	0.064632	0.065776	0.066888	0.068201	0.064010	0.065748	0.065209	0.066935	0.094041	0.145256	0.065139	0.000000	0.068239	0.065687	0.066127	0.066242	0.066214	0.067011	0.073732	0.065149	0.352084	0.353417	0.350200	0.347019	0.357684	0.359714	0.354987	0.356460	0.358871	0.359026	0.349158	0.346018	0.354859	0.348268	0.357434	0.353852	0.357923	0.357376	0.331920	0.357573	0.354905	0.331264	0.330360	0.335460	0.354277	0.330917	0.333670	0.339412	0.335130	0.355608	0.335813	0.351889	0.356450	0.352870	0.332739	0.351688	0.349797	0.347257	0.345005	0.350261	0.357351	0.360932	0.324840	0.355195	0.354368	0.357421	0.336943	0.331926	0.340134	0.340666	0.334861	0.338804	0.334766	0.360394	0.357661	0.353129	0.356505	0.346441	0.353098	0.344621	0.359848	0.358180	0.357553	0.346677	
0.066884	0.066117	0.066307	0.066514	0.106964	0.067359	0.066241	0.067155	0.066210	0.144051	0.066258	0.074521	0.067251	0.063801	0.065482	0.067118	0.065662	0.066578	0.066287	0.068487	0.073306	0.068757	0.064058	0.086922	0.066831	0.065934	0.066935	0.065785	0.063572	0.066178	0.070960	0.065604	0.066745	0.068557	0.068408	0.088533	0.139565	0.066041	0.068239	0.000000	0.067195	0.067515	0.067258	0.067282	0.070286	0.076415	0.066328	0.352536	0.353929	0.350441	0.346685	0.358000	0.359953	0.355205	0.356679	0.359145	0.359255	0.349692	0.345831	0.355013	0.348347	0.357572	0.354051	0.358289	0.357675	0.332781	0.357958	0.355274	0.325544	0.336270	0.335247	0.354479	0.328253	0.334804	0.340763	0.334850	0.355852	0.334168	0.352347	0.356766	0.353049	0.332491	0.351938	0.350356	0.347772	0.344949	0.350625	0.357790	0.361029	0.325344	0.355029	0.354738	0.357560	0.334391	0.333920	0.340719	0.339937	0.336894	0.338275	0.334899	0.360513	0.357913	0.353269	0.356884	0.346500	0.353424	0.345035	0.360097	0.358344	0.357923	0.347281	
