1.8570844 1.1300299 1.1387573 1.0735273 0.8379422 1.1291517 1.1385533 1.0799079 1.1183273 0.5595549 1.1324098 0.7356883 1.0550179 1.1209545 1.1328202 1.1342007 1.1358771 1.1473254 1.0947748 1.1370902 1.1810766 1.1542121 1.1130806 1.0378325 1.1119090 1.0706496 1.1465052 1.1119682 1.0402403 1.0455667 1.0246722 1.0950398 0.9804404 1.0321008 1.0493853 0.7271066 0.9894887 1.0456040 1.1336480 1.1496031 1.1249287 1.1212211 1.0654196 1.0969750 1.0418680 0.9234908 1.1007991 -0.5886365 -0.5939019 -0.5806113 -0.5642980 -0.6043166 -0.6152358 -0.5980899 -0.5997116 -0.6146854 -0.6114224 -0.5788708 -0.5581121 -0.5944526 -0.5568134 -0.6086167 -0.5943372 -0.6109195 -0.6037816 -0.4843533 -0.6050737 -0.5926712 -0.4270127 -0.3869499 -0.4754812 -0.5942087 -0.4630579 -0.4843119 -0.4648366 -0.3018676 -0.5982167 -0.4913246 -0.5863663 -0.6010060 -0.5905035 -0.4672231 -0.5842271 -0.5810441 -0.5636088 -0.5566103 -0.5830365 -0.6059029 -0.6211270 -0.4655872 -0.5947033 -0.5914762 -0.6020365 -0.4839593 -0.4881321 -0.5430261 -0.5382040 -0.4358851 -0.5475090 -0.4658378 -0.6202837 -0.6076159 -0.5877331 -0.6049437 -0.5530902 -0.5915242 -0.5519124 -0.6149138 -0.6086547 -0.6115015 -0.5627921
1.1300299 1.8283269 1.1358279 1.0667510 0.8318938 1.1228659 1.1319472 1.0731790 1.1105269 0.5563734 1.1259528 0.7305117 1.0480918 1.1123924 1.1242770 1.1264760 1.1280334 1.1409123 1.0867345 1.1307086 1.1696467 1.1485599 1.1064210 1.0306883 1.1046295 1.0651673 1.1412414 1.1062813 1.0331336 1.0380714 1.0176071 1.0884507 0.9735510 1.0250962 1.0418389 0.7221401 0.9827741 1.0384260 1.1307539 1.1443459 1.1179549 1.1142918 1.0585924 1.0888473 1.0345610 0.9170703 1.0932275 -0.5849745 -0.5908539 -0.5774381 -0.5611650 -0.6005723 -0.6116361 -0.5945880 -0.5962711 -0.6108769 -0.6083511 -0.5753906 -0.5542140 -0.5910071 -0.5533562 -0.6048423 -0.5911114 -0.6074177 -0.6003396 -0.4810672 -0.6012050 -0.5888577 -0.4241576 -0.3842501 -0.4722854 -0.5908999 -0.4599478 -0.4811080 -0.4617823 -0.2997698 -0.5946916 -0.4880520 -0.5829619 -0.5975601 -0.5872682 -0.4640402 -0.5809501 -0.5778152 -0.5603088 -0.5530223 -0.5797482 -0.6025097 -0.6177238 -0.4624251 -0.5913708 -0.5873129 -0.5983673 -0.4807687 -0.4849381 -0.5395680 -0.5347580 -0.4329456 -0.5439180 -0.4626677 -0.6167925 -0.6041223 -0.5838656 -0.6011574 -0.5497937 -0.5878631 -0.5484121 -0.6119404 -0.6051469 -0.6086087 -0.5592082
1.1387573 1.1358279 1.8538164 1.0756327 0.8383405 1.1313341 1.1382233 1.0815601 1.1202157 0.5601111 1.1356177 0.7368334 1.0569429 1.1220833 1.1326621 1.1342813 1.1365341 1.1466476 1.0978036 1.1385092 1.1759416 1.1567545 1.1153666 1.0394638 1.1125823 1.0719196 1.1519163 1.1145185 1.0419255 1.0472001 1.0264387 1.0968195 0.9819491 1.0339748 1.0510029 0.7283682 0.9910393 1.0471964 1.1361197 1.1516312 1.1274893 1.1217529 1.0673504 1.0974075 1.0436881 0.9249822 1.1019353 -0.5897664 -0.5949197 -0.5815476 -0.5652052 -0.6048535 -0.6167081 -0.5988408 -0.6008319 -0.6152151 -0.6126833 -0.5797923 -0.5588688 -0.5949842 -0.5578024 -0.6092503 -0.5954515 -0.6121721 -0.6044150 -0.4850293 -0.6061015 -0.5934017 -0.4278280 -0.3876020 -0.4762832 -0.5952668 -0.4638786 -0.4851638 -0.4656612 -0.3023684 -0.5988316 -0.4920542 -0.5872162 -0.6020097 -0.5910519 -0.4680333 -0.5854435 -0.5821763 -0.5646634 -0.5573401 -0.5839767 -0.6067755 -0.6218315 -0.4663087 -0.5956634 -0.5921935 -0.6032429 -0.4848373 -0.4889835 -0.5438765 -0.5391071 -0.4366514 -0.5484384 -0.4666535 -0.6211952 -0.6087077 -0.5885412 -0.6061561 -0.5539307 -0.5922653 -0.5528634 -0.6159992 -0.6095335 -0.6127858 -0.5634188
1.0735273 1.0667510 1.0756327 1.7779126 0.7862340 1.0670033 1.0759230 1.0134684 1.0541780 0.5272015 1.0701283 0.6889990 0.9893492 1.0536162 1.0671751 1.0703002 1.0706055 1.0847410 1.0277792 1.0780733 1.1343946 1.0996592 1.0463341 0.9731448 1.0460646 1.0044228 1.0872281 1.0472735 0.9743165 0.9793330 0.9597622 1.0279905 0.9183531 0.9671472 0.9835168 0.6811769 0.9294456 0.9795531 1.0757604 1.0953780 1.0633172 1.0580295 0.9986598 1.0294948 0.9758857 0.8649206 1.0346687 -0.5552287 -0.5608497 -0.5473175 -0.5311702 -0.5704951 -0.5818969 -0.5645683 -0.5664253 -0.5809375 -0.5779742 -0.5453470 -0.5244575 -0.5610870 -0.5236819 -0.5751297 -0.5611807 -0.5773667 -0.5702622 -0.4539528 -0.5712111 -0.5592656 -0.4000148 -0.3623829 -0.4456517 -0.5607740 -0.4339396 -0.4540124 -0.4356379 -0.2827037 -0.5644987 -0.4606209 -0.5528894 -0.5676992 -0.5572233 -0.4377882 -0.5509081 -0.5477460 -0.5306314 -0.5234193 -0.5497304 -0.5724993 -0.5876593 -0.4362382 -0.5612814 -0.5576763 -0.5684240 -0.4537226 -0.4576913 -0.5101144 -0.5053843 -0.4083439 -0.5144581 -0.4365261 -0.5869491 -0.5741595 -0.5542998 -0.5708432 -0.5200601 -0.5580401 -0.5187250 -0.5815938 -0.5754291 -0.5783643 -0.5294351
0.8379422 0.8318938 0.8383405 0.7862340 1.5317293 0.8330450 0.8388321 0.7912725 0.8243179 0.4261003 0.8345923 0.5383700 0.7728826 0.8219892 0.8321565 0.8344885 0.8348709 0.8453060 0.8022991 0.8406960 0.8959128 0.8563205 0.8162194 0.7602487 0.8164853 0.7846703 0.8474894 0.8170950 0.7611425 0.7650738 0.7498229 0.8024303 0.7175460 0.7555314 0.7681309 0.5322573 0.7265241 0.7651462 0.8382457 0.8537272 0.8296601 0.8248733 0.7799116 0.8037936 0.7623659 0.6758147 0.8074526 -0.4347421 -0.4390885 -0.4283978 -0.4153875 -0.4470588 -0.4561569 -0.4423375 -0.4436196 -0.4555195 -0.4532233 -0.4268027 -0.4102635 -0.4394100 -0.4095637 -0.4506342 -0.4394395 -0.4525223 -0.4468133 -0.3547159 -0.4476113 -0.4376902 -0.3125673 -0.2831414 -0.3482309 -0.4390549 -0.3390666 -0.3547597 -0.3404162 -0.2208913 -0.4421577 -0.3598986 -0.4327880 -0.4446940 -0.4362097 -0.3421080 -0.4312736 -0.4287480 -0.4149476 -0.4092561 -0.4302363 -0.4485289 -0.4605888 -0.3408739 -0.4395272 -0.4367071 -0.4453426 -0.3545452 -0.3576394 -0.3988249 -0.3951119 -0.3190667 -0.4022967 -0.3410931 -0.4602713 -0.4498229 -0.4337663 -0.4466720 -0.4064987 -0.4368795 -0.4056626 -0.4559733 -0.4508592 -0.4533924 -0.4141311
1.1291517 1.1228659 1.1313341 1.0670033 0.8330450 1.8443948 1.1313094 1.0740649 1.1118121 0.5593221 1.1260318 0.7309052 1.0481868 1.1141392 1.1233782 1.1260147 1.1271038 1.1373663 1.0871370 1.1282918 1.1644062 1.1512686 1.1053070 1.0313486 1.1037056 1.0640094 1.1380719 1.1051719 1.0336994 1.0388706 1.0183280 1.0882732 0.9741274 1.0255945 1.0425242 0.7226104 0.9831926 1.0387261 1.1272150 1.1409385 1.1184222 1.1123557 1.0584524 1.0882493 1.0354517 0.9176381 1.0925956 -0.5850908 -0.5911824 -0.5774105 -0.5612969 -0.6009505 -0.6120743 -0.5950074 -0.5967365 -0.6114669 -0.6084587 -0.5752196 -0.5545909 -0.5914639 -0.5535663 -0.6054773 -0.5913457 -0.6076449 -0.5997496 -0.4813326 -0.6010750 -0.5892133 -0.4243923 -0.3845271 -0.4725669 -0.5907165 -0.4602309 -0.4813513 -0.4620853 -0.2999441 -0.5947460 -0.4882425 -0.5829826 -0.5975474 -0.5872058 -0.4643369 -0.5811724 -0.5777841 -0.5605592 -0.5532615 -0.5797832 -0.6024967 -0.6178412 -0.4626675 -0.5911804 -0.5872602 -0.5986153 -0.4809728 -0.4852467 -0.5399278 -0.5349857 -0.4331695 -0.5441608 -0.4630013 -0.6173750 -0.6043233 -0.5843878 -0.6007285 -0.5499277 -0.5880483 -0.5485271 -0.6117334 -0.6053508 -0.6084866 -0.5596125
1.1385533 1.1319472 1.1382233 1.0759230 0.8388321 1.1313094 1.8767542 1.0822577 1.1208211 0.5611812 1.1358660 0.7367021 1.0566864 1.1210358 1.1350776 1.1333261 1.1345360 1.1443385 1.0956169 1.1391455 1.1769660 1.1583750 1.1174943 1.0394540 1.1134748 1.0721973 1.1474180 1.1141597 1.0417756 1.0470190 1.0262713 1.0966818 0.9818107 1.0339875 1.0508122 0.7284019 0.9912425 1.0470653 1.1365123 1.1534232 1.1275727 1.1350609 1.0672754 1.0978292 1.0434905 0.9248481 1.1032330 -0.5893274 -0.5952334 -0.5816337 -0.5651603 -0.6051449 -0.6163313 -0.5989457 -0.6006727 -0.6159030 -0.6124015 -0.5793968 -0.5586640 -0.5952868 -0.5578935 -0.6095673 -0.5951771 -0.6118579 -0.6046734 -0.4850220 -0.6055824 -0.5934435 -0.4276906 -0.3875530 -0.4761658 -0.5950447 -0.4638144 -0.4849983 -0.4656487 -0.3023240 -0.5986454 -0.4920759 -0.5874059 -0.6019298 -0.5912355 -0.4679269 -0.5850850 -0.5821992 -0.5648773 -0.5574952 -0.5839238 -0.6069109 -0.6221540 -0.4662683 -0.5953764 -0.5920439 -0.6021419 -0.4848051 -0.4889830 -0.5437670 -0.5388098 -0.4366007 -0.5480568 -0.4665737 -0.6215355 -0.6085417 -0.5881378 -0.6052960 -0.5536906 -0.5922748 -0.5525837 -0.6161712 -0.6097177 -0.6126946 -0.5636135
1.0799079 1.0731790 1.0815601 1.0134684 0.7912725 1.0740649 1.0822577 1.7793713 1.0602354 0.5305174 1.0768527 0.6935446 0.9957116 1.0606997 1.0737864 1.0780581 1.0775472 1.0912861 1.0343647 1.0834751 1.1395024 1.1056734 1.0532420 0.9795974 1.0529017 1.0106970 1.0933585 1.0538037 0.9806570 0.9858242 0.9660642 1.0346286 0.9243659 0.9735686 0.9899206 0.6856229 0.9353456 0.9859348 1.0808601 1.1010249 1.0694377 1.0645611 1.0053235 1.0363241 0.9823349 0.8706461 1.0406253 -0.5586885 -0.5641233 -0.5507399 -0.5345173 -0.5738711 -0.5854785 -0.5680912 -0.5699499 -0.5845660 -0.5814436 -0.5486921 -0.5279276 -0.5645800 -0.5270527 -0.5787172 -0.5645044 -0.5809669 -0.5737620 -0.4569325 -0.5747489 -0.5625260 -0.4026551 -0.3647534 -0.4485630 -0.5641867 -0.4367697 -0.4570006 -0.4385175 -0.2845627 -0.5678321 -0.4636091 -0.5564083 -0.5711727 -0.5605779 -0.4407015 -0.5544802 -0.5512517 -0.5338953 -0.5267181 -0.5530048 -0.5759082 -0.5908866 -0.4391116 -0.5647895 -0.5609436 -0.5717736 -0.4566860 -0.4606434 -0.5133995 -0.5087060 -0.4110080 -0.5177610 -0.4393766 -0.5903805 -0.5776195 -0.5578220 -0.5743203 -0.5232633 -0.5615075 -0.5220321 -0.5852629 -0.5788578 -0.5819259 -0.5328251
1.1183273 1.1105269 1.1202157 1.0541780 0.8243179 1.1118121 1.1208211 1.0602354 1.8115913 0.5501432 1.1158562 0.7216006 1.0382652 1.1007605 1.1128235 1.1149501 1.1172099 1.1282465 1.0743968 1.1209030 1.1655521 1.1394579 1.0933516 1.0184181 1.0928367 1.0509634 1.1303384 1.0943068 1.0203284 1.0255698 1.0052270 1.0755008 0.9617024 1.0126551 1.0297890 0.7133914 0.9716538 1.0256976 1.1188133 1.1350367 1.1081666 1.1026124 1.0456173 1.0767180 1.0219239 0.9058757 1.0813060 -0.5786273 -0.5848268 -0.5713110 -0.5549324 -0.5941813 -0.6060138 -0.5887101 -0.5907128 -0.6051257 -0.6019630 -0.5690306 -0.5483492 -0.5851712 -0.5472187 -0.5994040 -0.5850733 -0.6013945 -0.5937787 -0.4753123 -0.5950695 -0.5829208 -0.4189789 -0.3795543 -0.4666474 -0.5849235 -0.4544292 -0.4753964 -0.4562094 -0.2961365 -0.5886024 -0.4822306 -0.5770404 -0.5920456 -0.5810845 -0.4584648 -0.5750678 -0.5716487 -0.5542269 -0.5468620 -0.5736868 -0.5963784 -0.6114680 -0.4568275 -0.5851369 -0.5815833 -0.5922298 -0.4750817 -0.4792183 -0.5334995 -0.5286071 -0.4277139 -0.5379179 -0.4571448 -0.6111757 -0.5981142 -0.5779135 -0.5940368 -0.5433027 -0.5818002 -0.5423232 -0.6057268 -0.5994368 -0.6024063 -0.5531915
0.5595549 0.5563734 0.5601111 0.5272015 0.4261003 0.5593221 0.5611812 0.5305174 0.5501432 1.2964910 0.5581699 0.3611287 0.5182030 0.5499406 0.5562032 0.5573684 0.5579494 0.5656556 0.5375466 0.5610005 0.5886099 0.5709509 0.5464991 0.5099967 0.5465466 0.5271556 0.5654814 0.5469660 0.5105023 0.5131155 0.5029588 0.5378516 0.4813291 0.5067363 0.5151415 0.3570605 0.4876661 0.5132073 0.5598401 0.5695308 0.5543685 0.5516279 0.5230283 0.5384235 0.5113236 0.4533484 0.5408782 -0.2921566 -0.2953933 -0.2876190 -0.2789156 -0.3007778 -0.3074115 -0.2975758 -0.2982949 -0.3069182 -0.3050584 -0.2866547 -0.2754763 -0.2955555 -0.2748974 -0.3031994 -0.2955348 -0.3046463 -0.3007882 -0.2380001 -0.3012721 -0.2943883 -0.2096695 -0.1899381 -0.2336194 -0.2953318 -0.2274195 -0.2379978 -0.2283247 -0.1481877 -0.2973508 -0.2414854 -0.2910967 -0.2993458 -0.2931376 -0.2295016 -0.2898002 -0.2881994 -0.2785139 -0.2748029 -0.2891527 -0.3018122 -0.3104708 -0.2286819 -0.2956503 -0.2932552 -0.2997052 -0.2378105 -0.2399482 -0.2675271 -0.2650892 -0.2140615 -0.2699021 -0.2288129 -0.3103441 -0.3029675 -0.2916818 -0.2987616 -0.2729169 -0.2935952 -0.2723388 -0.3071851 -0.3037453 -0.3052951 -0.2780443
1.1324098 1.1259528 1.1356177 1.0701283 0.8345923 1.1260318 1.1358660 1.0768527 1.1158562 0.5581699 1.8504341 0.7329286 1.0512382 1.1162972 1.1285138 1.1285763 1.1307435 1.1430318 1.0919092 1.1337545 1.1724613 1.1526924 1.1095074 1.0341126 1.1081963 1.0669763 1.1463959 1.1100216 1.0364304 1.0418433 1.0210545 1.0907733 0.9768859 1.0286728 1.0457554 0.7245847 0.9860375 1.0417359 1.1315742 1.1488085 1.1216027 1.1170101 1.0619503 1.0926466 1.0381043 0.9201331 1.0973225 -0.5868581 -0.5925138 -0.5789515 -0.5626951 -0.6024684 -0.6136580 -0.5965923 -0.5981023 -0.6124418 -0.6100877 -0.5769118 -0.5558926 -0.5926962 -0.5548056 -0.6070614 -0.5927570 -0.6094398 -0.6021901 -0.4826486 -0.6032550 -0.5899640 -0.4255269 -0.3855559 -0.4738423 -0.5926845 -0.4614497 -0.4827085 -0.4632642 -0.3007587 -0.5961384 -0.4896248 -0.5846981 -0.5994044 -0.5889471 -0.4656281 -0.5828134 -0.5794775 -0.5622854 -0.5548580 -0.5813311 -0.6041775 -0.6197684 -0.4639785 -0.5929166 -0.5892685 -0.5996500 -0.4824498 -0.4866053 -0.5410130 -0.5361601 -0.4343601 -0.5456750 -0.4642682 -0.6185517 -0.6056609 -0.5859817 -0.6024106 -0.5514354 -0.5898899 -0.5502076 -0.6136912 -0.6072689 -0.6106545 -0.5607741
0.7356883 0.7305117 0.7368334 0.6889990 0.5383700 0.7309052 0.7367021 0.6935446 0.7216006 0.3611287 0.7329286 1.4339412 0.6771576 0.7213885 0.7308807 0.7334940 0.7333394 0.7435980 0.7035041 0.7390209 0.7798393 0.7537372 0.7161071 0.6662726 0.7166001 0.6873439 0.7451341 0.7170368 0.6668189 0.6703093 0.6569197 0.7035571 0.6286061 0.6619580 0.6731148 0.4662956 0.6370214 0.6704075 0.7371337 0.7511989 0.7287247 0.7247413 0.6835567 0.7049518 0.6679500 0.5920479 0.7083173 -0.3807416 -0.3846070 -0.3752040 -0.3638971 -0.3915175 -0.3994629 -0.3873083 -0.3885200 -0.3987638 -0.3967366 -0.3737681 -0.3593521 -0.3848275 -0.3587599 -0.3946939 -0.3848576 -0.3963148 -0.3912626 -0.3107595 -0.3920891 -0.3834520 -0.2738154 -0.2480438 -0.3050461 -0.3846470 -0.2970416 -0.3107969 -0.2982111 -0.1935054 -0.3872397 -0.3153211 -0.3791598 -0.3894671 -0.3820854 -0.2997016 -0.3777962 -0.3755457 -0.3634808 -0.3585346 -0.3768436 -0.3928426 -0.4034815 -0.2986161 -0.3850311 -0.3824168 -0.3899787 -0.3105925 -0.3133123 -0.3493610 -0.3461063 -0.2795119 -0.3523293 -0.2988172 -0.4029193 -0.3940259 -0.3800003 -0.3917114 -0.3561848 -0.3826646 -0.3553448 -0.3993376 -0.3948761 -0.3969461 -0.3627528
1.0550179 1.0480918 1.0569429 0.9893492 0.7728826 1.0481868 1.0566864 0.9957116 1.0382652 0.5182030 1.0512382 0.6771576 1.7649215 1.0350872 1.0482389 1.0512025 1.0537630 1.0659018 1.0099603 1.0599593 1.1232339 1.0817618 1.0281198 0.9564465 1.0282241 0.9870016 1.0701356 1.0299364 0.9575261 0.9625075 0.9432080 1.0102514 0.9025367 0.9505247 0.9664135 0.6694845 0.9138015 0.9626218 1.0567425 1.0766186 1.0452584 1.0396500 0.9814421 1.0117929 0.9591037 0.8500796 1.0168678 -0.5460149 -0.5515485 -0.5381979 -0.5221909 -0.5611190 -0.5724252 -0.5553800 -0.5572037 -0.5715421 -0.5686951 -0.5362385 -0.5157656 -0.5518977 -0.5148557 -0.5658633 -0.5519795 -0.5680999 -0.5609676 -0.4461568 -0.5621057 -0.5500711 -0.3931503 -0.3561455 -0.4379902 -0.5516472 -0.4264746 -0.4462286 -0.4281603 -0.2778212 -0.5552602 -0.4527116 -0.5438671 -0.5583702 -0.5479757 -0.4303005 -0.5419192 -0.5387328 -0.5216458 -0.5145325 -0.5405604 -0.5633081 -0.5781845 -0.4287506 -0.5521437 -0.5484784 -0.5592446 -0.4459289 -0.4498273 -0.5014122 -0.4967971 -0.4013290 -0.5056388 -0.4290448 -0.5773856 -0.5648676 -0.5450910 -0.5617244 -0.5111468 -0.5488993 -0.5100185 -0.5723220 -0.5660753 -0.5690764 -0.5205578
1.1209545 1.1123924 1.1220833 1.0536162 0.8219892 1.1141392 1.1210358 1.0606997 1.1007605 0.5499406 1.1162972 0.7213885 1.0350872 1.8062640 1.1160880 1.1193839 1.1188140 1.1315143 1.0748726 1.1223223 1.1698511 1.1475568 1.0947447 1.0181364 1.0941619 1.0505269 1.1314448 1.0950332 1.0199361 1.0253034 1.0047607 1.0750815 0.9612582 1.0122677 1.0293709 0.7130828 0.9717591 1.0254073 1.1213688 1.1389065 1.1098417 1.1045607 1.0453626 1.0766071 1.0216045 0.9054362 1.0815861 -0.5785920 -0.5839708 -0.5706361 -0.5543613 -0.5937880 -0.6055714 -0.5879174 -0.5900730 -0.6044526 -0.6015597 -0.5686599 -0.5477374 -0.5846506 -0.5468735 -0.5988188 -0.5846034 -0.6009785 -0.5939598 -0.4750105 -0.5948820 -0.5823398 -0.4187416 -0.3793715 -0.4663461 -0.5840716 -0.4541532 -0.4750011 -0.4559388 -0.2959760 -0.5878410 -0.4819146 -0.5762359 -0.5911581 -0.5804210 -0.4581490 -0.5745293 -0.5713400 -0.5538784 -0.5465031 -0.5733546 -0.5961329 -0.6109978 -0.4565606 -0.5846669 -0.5812653 -0.5918745 -0.4746571 -0.4788063 -0.5327716 -0.5280530 -0.4274456 -0.5373689 -0.4568659 -0.6106580 -0.5977596 -0.5779664 -0.5944651 -0.5430486 -0.5813966 -0.5417911 -0.6052747 -0.5990278 -0.6017711 -0.5525509
1.1328202 1.1242770 1.1326621 1.0671751 0.8321565 1.1233782 1.1350776 1.0737864 1.1128235 0.5562032 1.1285138 0.7308807 1.0482389 1.1160880 1.8122555 1.1293091 1.1307262 1.1416795 1.0885845 1.1329006 1.1745455 1.1530834 1.1087044 1.0311042 1.1049943 1.0643466 1.1425102 1.1074306 1.0333792 1.0385903 1.0179976 1.0887442 0.9739336 1.0255176 1.0429480 0.7223835 0.9834294 1.0386721 1.1306602 1.1464726 1.1208915 1.1160699 1.0585434 1.0894234 1.0350326 0.9174066 1.0949599 -0.5853684 -0.5909829 -0.5773589 -0.5610611 -0.6007919 -0.6120224 -0.5947796 -0.5967899 -0.6113330 -0.6083401 -0.5753942 -0.5544443 -0.5916899 -0.5536156 -0.6052010 -0.5911779 -0.6076283 -0.6001614 -0.4811195 -0.6016650 -0.5892757 -0.4243042 -0.3843920 -0.4724184 -0.5906648 -0.4601172 -0.4812744 -0.4619034 -0.2998878 -0.5945775 -0.4881720 -0.5831581 -0.5977691 -0.5870849 -0.4642126 -0.5810090 -0.5780783 -0.5605037 -0.5534112 -0.5797463 -0.6025164 -0.6180059 -0.4625712 -0.5911359 -0.5875148 -0.5981305 -0.4809165 -0.4850799 -0.5397488 -0.5348570 -0.4330962 -0.5440257 -0.4628324 -0.6169474 -0.6039490 -0.5847365 -0.6015584 -0.5496863 -0.5881882 -0.5487279 -0.6118186 -0.6054308 -0.6084235 -0.5593881
1.1342007 1.1264760 1.1342813 1.0703002 0.8344885 1.1260147 1.1333261 1.0780581 1.1149501 0.5573684 1.1285763 0.7334940 1.0512025 1.1193839 1.1293091 1.8586916 1.1310592 1.1406083 1.0914172 1.1316730 1.1678605 1.1504592 1.1098882 1.0362830 1.1066366 1.0674131 1.1435709 1.1078786 1.0370208 1.0422010 1.0215236 1.0915555 0.9774690 1.0290953 1.0461361 0.7250397 0.9862328 1.0423394 1.1297337 1.1436517 1.1215973 1.1165719 1.0622451 1.0923820 1.0385067 0.9206688 1.0958103 -0.5875742 -0.5929040 -0.5794889 -0.5631278 -0.6025408 -0.6143100 -0.5968212 -0.5988762 -0.6133413 -0.6101884 -0.5772602 -0.5564374 -0.5931099 -0.5554149 -0.6074048 -0.5929989 -0.6097094 -0.6022413 -0.4828841 -0.6034288 -0.5913085 -0.4258160 -0.3858004 -0.4742093 -0.5930811 -0.4617957 -0.4828893 -0.4635436 -0.3009872 -0.5964869 -0.4900514 -0.5850080 -0.5994168 -0.5893308 -0.4657895 -0.5832207 -0.5798956 -0.5624978 -0.5552371 -0.5817989 -0.6046005 -0.6199113 -0.4642791 -0.5933434 -0.5894865 -0.6005790 -0.4826475 -0.4868656 -0.5416306 -0.5366703 -0.4346355 -0.5459964 -0.4645663 -0.6192684 -0.6063411 -0.5865529 -0.6030464 -0.5517767 -0.5901539 -0.5505431 -0.6138257 -0.6078050 -0.6103689 -0.5613950
1.1358771 1.1280334 1.1365341 1.0706055 0.8348709 1.1271038 1.1345360 1.0775472 1.1172099 0.5579494 1.1307435 0.7333394 1.0537630 1.1188140 1.1307262 1.1310592 1.8318919 1.1438254 1.0924488 1.1357305 1.1773762 1.1545621 1.1107171 1.0344415 1.1084858 1.0669767 1.1466385 1.1109999 1.0369730 1.0422690 1.0214065 1.0920658 0.9773563 1.0290446 1.0462130 0.7248352 0.9867240 1.0421653 1.1336290 1.1493561 1.1244441 1.1196706 1.0625294 1.0937588 1.0385195 0.9204522 1.0986220 -0.5867006 -0.5925609 -0.5787566 -0.5627196 -0.6025222 -0.6140484 -0.5960997 -0.5984112 -0.6129254 -0.6098232 -0.5770848 -0.5562739 -0.5930541 -0.5551407 -0.6068485 -0.5928276 -0.6089992 -0.6020242 -0.4827866 -0.6032807 -0.5913468 -0.4257176 -0.3856670 -0.4739976 -0.5924534 -0.4615888 -0.4828307 -0.4633918 -0.3009061 -0.5963722 -0.4897377 -0.5846862 -0.5994021 -0.5886678 -0.4657167 -0.5828536 -0.5795423 -0.5620033 -0.5550015 -0.5816885 -0.6043216 -0.6195768 -0.4640155 -0.5928097 -0.5895422 -0.6000825 -0.4824787 -0.4867078 -0.5411002 -0.5364268 -0.4344964 -0.5458028 -0.4643457 -0.6184948 -0.6060295 -0.5855095 -0.6033686 -0.5513765 -0.5900179 -0.5501434 -0.6130651 -0.6069290 -0.6100277 -0.5610126
1.1473254 1.1409123 1.1466476 1.0847410 0.8453060 1.1373663 1.1443385 1.0912861 1.1282465 0.5656556 1.1430318 0.7435980 1.0659018 1.1315143 1.1416795 1.1406083 1.1438254 1.8998001 1.1057405 1.1460651 1.1817248 1.1628721 1.1235247 1.0485491 1.1214550 1.0840659 1.1527327 1.1224760 1.0511171 1.0566436 1.0355808 1.1054811 0.9910537 1.0432051 1.0602705 0.7349797 0.9995474 1.0564032 1.1450355 1.1597134 1.1363436 1.1294701 1.0767798 1.1066934 1.0528742 0.9333790 1.1114388 -0.5946245 -0.6004947 -0.5868360 -0.5702584 -0.6100467 -0.6215702 -0.6045002 -0.6064072 -0.6206414 -0.6176124 -0.5848445 -0.5636346 -0.6001009 -0.5626457 -0.6147404 -0.6006404 -0.6172168 -0.6098307 -0.4895204 -0.6106833 -0.5983253 -0.4316950 -0.3910738 -0.4805525 -0.6000980 -0.4680846 -0.4895076 -0.4699144 -0.3051050 -0.6033036 -0.4965525 -0.5923700 -0.6070285 -0.5962783 -0.4722504 -0.5902059 -0.5871797 -0.5694721 -0.5622761 -0.5890896 -0.6122298 -0.6271862 -0.4705976 -0.6005833 -0.5968845 -0.6079559 -0.4892154 -0.4934250 -0.5486038 -0.5436834 -0.4406397 -0.5531195 -0.4707684 -0.6264735 -0.6138387 -0.5940151 -0.6092709 -0.5586706 -0.5974570 -0.5574726 -0.6212748 -0.6149876 -0.6180937 -0.5686862
1.0947748 1.0867345 1.0978036 1.0277792 0.8022991 1.0871370 1.0956169 1.0343647 1.0743968 0.5375466 1.0919092 0.7035041 1.0099603 1.0748726 1.0885845 1.0914172 1.0924488 1.1057405 1.7867099 1.0969470 1.1489383 1.1179012 1.0677227 0.9932838 1.0672855 1.0249945 1.1113094 1.0684823 0.9948868 0.9998938 0.9799857 1.0493979 0.9375854 0.9874414 1.0039088 0.6954905 0.9483623 1.0000137 1.0938448 1.1132964 1.0836312 1.0785322 1.0196303 1.0509349 0.9964281 0.8831188 1.0557069 -0.5659287 -0.5716473 -0.5581387 -0.5418258 -0.5812877 -0.5927480 -0.5756913 -0.5772867 -0.5920283 -0.5889357 -0.5562804 -0.5352432 -0.5720499 -0.5342736 -0.5860341 -0.5718593 -0.5884339 -0.5811476 -0.4634805 -0.5823065 -0.5696748 -0.4084393 -0.3700187 -0.4549846 -0.5714954 -0.4430385 -0.4635531 -0.4448106 -0.2886692 -0.5750967 -0.4702294 -0.5639623 -0.5785292 -0.5681701 -0.4469837 -0.5617802 -0.5587006 -0.5412543 -0.5340107 -0.5605538 -0.5832670 -0.5984842 -0.4454196 -0.5721649 -0.5686138 -0.5793313 -0.4631947 -0.4672765 -0.5205925 -0.5158764 -0.4169222 -0.5247815 -0.4457085 -0.5978690 -0.5850295 -0.5651345 -0.5814576 -0.5304684 -0.5687670 -0.5292315 -0.5925317 -0.5863220 -0.5895301 -0.5401606
1.1370902 1.1307086 1.1385092 1.0780733 0.8406960 1.1282918 1.1391455 1.0834751 1.1209030 0.5610005 1.1337545 0.7390209 1.0599593 1.1223223 1.1329006 1.1316730 1.1357305 1.1460651 1.0969470 1.9020355 1.2042651 1.1544130 1.1165202 1.0421945 1.1120188 1.0752144 1.1487870 1.1142291 1.0443249 1.0495876 1.0290099 1.0986947 0.9845093 1.0363365 1.0532568 0.7302265 0.9928773 1.0497570 1.1333371 1.1464537 1.1262780 1.1202536 1.0695971 1.0982664 1.0457466 0.9273353 1.1028507 -0.5911626 -0.5968196 -0.5830947 -0.5668533 -0.6065511 -0.6184880 -0.6009582 -0.6025431 -0.6171131 -0.6143799 -0.5814939 -0.5601885 -0.5970028 -0.5593087 -0.6113210 -0.5972564 -0.6136018 -0.6059919 -0.4864779 -0.6075816 -0.5955335 -0.4288753 -0.3885705 -0.4775148 -0.5968515 -0.4651167 -0.4864200 -0.4669231 -0.3031676 -0.6004800 -0.4934103 -0.5887453 -0.6033221 -0.5931671 -0.4692360 -0.5871444 -0.5836694 -0.5664463 -0.5591899 -0.5858294 -0.6084871 -0.6237495 -0.4675230 -0.5972769 -0.5940545 -0.6044594 -0.4861030 -0.4902899 -0.5453591 -0.5405532 -0.4377941 -0.5501117 -0.4678461 -0.6229786 -0.6101360 -0.5903262 -0.6071303 -0.5555051 -0.5939850 -0.5542063 -0.6176509 -0.6115714 -0.6147549 -0.5652924
1.1810766 1.1696467 1.1759416 1.1343946 0.8959128 1.1644062 1.1769660 1.1395024 1.1655521 0.5886099 1.1724613 0.7798393 1.1232339 1.1698511 1.1745455 1.1678605 1.1773762 1.1817248 1.1489383 1.2042651 2.4418039 1.1872842 1.1684341 1.1007118 1.1611360 1.1344399 1.1838537 1.1608471 1.1024312 1.1077281 1.0863669 1.1530797 1.0389951 1.0931714 1.1106286 0.7708111 1.0465052 1.1076267 1.1680866 1.1741494 1.1648057 1.1625295 1.1269312 1.1498140 1.1036950 0.9790236 1.1533693 -0.6197136 -0.6253060 -0.6124930 -0.5956272 -0.6367595 -0.6482103 -0.6298823 -0.6312221 -0.6462500 -0.6444095 -0.6105452 -0.5894490 -0.6280099 -0.5882317 -0.6404082 -0.6264052 -0.6427548 -0.6368732 -0.5131230 -0.6385570 -0.6266955 -0.4527699 -0.4102818 -0.5038035 -0.6254994 -0.4907376 -0.5131195 -0.4927436 -0.3200952 -0.6304873 -0.5204334 -0.6188055 -0.6326503 -0.6222485 -0.4951079 -0.6164563 -0.6127082 -0.5954783 -0.5882209 -0.6150678 -0.6388970 -0.6539676 -0.4933626 -0.6272916 -0.6247693 -0.6353786 -0.5128028 -0.5172083 -0.5740179 -0.5691122 -0.4620939 -0.5789486 -0.4936020 -0.6522194 -0.6400884 -0.6211979 -0.6390927 -0.5843845 -0.6243831 -0.5828700 -0.6463877 -0.6402139 -0.6433047 -0.5942890
1.1542121 1.1485599 1.1567545 1.0996592 0.8563205 1.1512686 1.1583750 1.1056734 1.1394579 0.5709509 1.1526924 0.7537372 1.0817618 1.1475568 1.1530834 1.1504592 1.1545621 1.1628721 1.1179012 1.1544130 1.1872842 2.0177467 1.1389891 1.0641183 1.1325775 1.0969436 1.1675806 1.1347275 1.0660073 1.0715015 1.0501832 1.1195412 1.0046998 1.0577296 1.0747670 0.7451748 1.0126454 1.0712893 1.1524130 1.1654855 1.1448498 1.1392739 1.0903965 1.1190424 1.0674317 0.9464096 1.1225227 -0.6019459 -0.6074892 -0.5939354 -0.5772619 -0.6173016 -0.6286291 -0.6112109 -0.6131073 -0.6277786 -0.6246226 -0.5918034 -0.5708011 -0.6080374 -0.5697580 -0.6219079 -0.6076627 -0.6239539 -0.6169192 -0.4962344 -0.6183057 -0.6060017 -0.4377235 -0.3966096 -0.4872707 -0.6071998 -0.4745786 -0.4962294 -0.4763769 -0.3094108 -0.6113450 -0.5033082 -0.5990477 -0.6139359 -0.6035776 -0.4787563 -0.5976256 -0.5940962 -0.5766963 -0.5694634 -0.5963662 -0.6192574 -0.6344590 -0.4770747 -0.6081856 -0.6043160 -0.6151392 -0.4959070 -0.5002035 -0.5558589 -0.5506279 -0.4467054 -0.5601698 -0.4773420 -0.6333850 -0.6213295 -0.6008929 -0.6184052 -0.5658374 -0.6046348 -0.5648144 -0.6282323 -0.6216407 -0.6248555 -0.5754838
1.1130806 1.1064210 1.1153666 1.0463341 0.8162194 1.1053070 1.1174943 1.0532420 1.0933516 0.5464991 1.1095074 0.7161071 1.0281198 1.0947447 1.1087044 1.1098882 1.1107171 1.1235247 1.0677227 1.1165202 1.1684341 1.1389891 1.7970666 1.0112916 1.0860302 1.0436368 1.1272850 1.0872014 1.0127145 1.0179858 0.9975951 1.0683308 0.9544989 1.0051805 1.0222045 0.7079797 0.9652883 1.0179758 1.1146260 1.1322627 1.1026021 1.0975441 1.0379722 1.0698928 1.0144852 0.8989694 1.0743765 -0.5753704 -0.5804026 -0.5672821 -0.5506259 -0.5903196 -0.6017929 -0.5846607 -0.5863307 -0.6011723 -0.5979712 -0.5649594 -0.5442877 -0.5808095 -0.5433814 -0.5949765 -0.5809994 -0.5974325 -0.5900483 -0.4716679 -0.5911613 -0.5792034 -0.4157457 -0.3766717 -0.4630131 -0.5806605 -0.4509203 -0.4717051 -0.4527154 -0.2938461 -0.5843517 -0.4785054 -0.5728804 -0.5874810 -0.5770749 -0.4549550 -0.5707006 -0.5676393 -0.5501034 -0.5428073 -0.5691869 -0.5923199 -0.6074606 -0.4533124 -0.5811737 -0.5772813 -0.5884570 -0.4714060 -0.4754644 -0.5292796 -0.5246007 -0.4243962 -0.5337784 -0.4536118 -0.6071708 -0.5941095 -0.5738872 -0.5910973 -0.5395246 -0.5779694 -0.5382425 -0.6016192 -0.5952839 -0.5983282 -0.5490474
1.0378325 1.0306883 1.0394638 0.9731448 0.7602487 1.0313486 1.0394540 0.9795974 1.0184181 0.5099967 1.0341126 0.6662726 0.9564465 1.0181364 1.0311042 1.0362830 1.0344415 1.0485491 0.9932838 1.0421945 1.1007118 1.0641183 1.0112916 1.7634296 1.0116529 0.9707884 1.0523213 1.0120933 0.9418713 0.9467328 0.9278863 0.9936351 0.8878435 0.9349711 0.9507314 0.6589056 0.9098569 0.9469001 1.0396361 1.0595578 1.0283206 1.0227090 0.9655037 0.9952796 0.9434439 0.8362863 1.0000532 -0.5370200 -0.5428627 -0.5297852 -0.5136468 -0.5526065 -0.5636389 -0.5463029 -0.5483209 -0.5624404 -0.5597047 -0.5276454 -0.5070775 -0.5429129 -0.5066113 -0.5571336 -0.5433843 -0.5593201 -0.5522613 -0.4389075 -0.5534222 -0.5414323 -0.3867381 -0.3503218 -0.4308623 -0.5429984 -0.4195380 -0.4389738 -0.4211992 -0.2733084 -0.5466690 -0.4453583 -0.5352606 -0.5498557 -0.5394423 -0.4232826 -0.5334714 -0.5302921 -0.5133221 -0.5062865 -0.5321025 -0.5544766 -0.5694109 -0.4217702 -0.5435706 -0.5400282 -0.5505742 -0.4386831 -0.4425174 -0.4933876 -0.4888109 -0.3947881 -0.4975874 -0.4220482 -0.5687440 -0.5561948 -0.5365922 -0.5529593 -0.5030401 -0.5402882 -0.5018916 -0.5636643 -0.5572949 -0.5603290 -0.5123328
1.1119090 1.1046295 1.1125823 1.0460646 0.8164853 1.1037056 1.1134748 1.0529017 1.0928367 0.5465466 1.1081963 0.7166001 1.0282241 1.0941619 1.1049943 1.1066366 1.1084858 1.1214550 1.0672855 1.1120188 1.1611360 1.1325775 1.0860302 1.0116529 1.8028330 1.0438521 1.1247528 1.0861796 1.0134636 1.0186001 0.9983242 1.0678941 0.9551157 1.0058937 1.0226222 0.7084492 0.9647945 1.0188414 1.1112392 1.1313887 1.1016541 1.0964317 1.0385978 1.0693959 1.0155624 0.8996080 1.0734563 -0.5757358 -0.5813372 -0.5676989 -0.5514854 -0.5906247 -0.6025266 -0.5854375 -0.5871139 -0.6015013 -0.5986359 -0.5655915 -0.5447481 -0.5816391 -0.5440412 -0.5955499 -0.5815792 -0.5980453 -0.5904634 -0.4721118 -0.5919842 -0.5795881 -0.4161259 -0.3769510 -0.4634871 -0.5815184 -0.4513204 -0.4721490 -0.4530876 -0.2940926 -0.5847087 -0.4789611 -0.5736133 -0.5879247 -0.5777839 -0.4553230 -0.5714055 -0.5681458 -0.5507926 -0.5435358 -0.5704187 -0.5926511 -0.6084408 -0.4537365 -0.5816807 -0.5779794 -0.5888754 -0.4718302 -0.4759870 -0.5297495 -0.5252247 -0.4247529 -0.5344866 -0.4540111 -0.6075212 -0.5948523 -0.5746824 -0.5913540 -0.5400795 -0.5785329 -0.5386823 -0.6022540 -0.5958371 -0.5991287 -0.5498788
1.0706496 1.0651673 1.0719196 1.0044228 0.7846703 1.0640094 1.0721973 1.0106970 1.0509634 0.5271556 1.0669763 0.6873439 0.9870016 1.0505269 1.0643466 1.0674131 1.0669767 1.0840659 1.0249945 1.0752144 1.1344399 1.0969436 1.0436368 0.9707884 1.0438521 1.7731868 1.0851773 1.0446002 0.9718723 0.9770239 0.9574345 1.0255649 0.9161681 0.9647844 0.9809921 0.6795383 0.9273949 0.9771241 1.0725127 1.0917484 1.0614691 1.0552044 0.9963497 1.0271630 0.9735414 0.8628234 1.0319071 -0.5537673 -0.5593083 -0.5460488 -0.5297700 -0.5690965 -0.5806044 -0.5632371 -0.5650432 -0.5795615 -0.5766466 -0.5439665 -0.5233039 -0.5596818 -0.5224072 -0.5735735 -0.5597294 -0.5760282 -0.5687602 -0.4528660 -0.5697729 -0.5576919 -0.3990530 -0.3615076 -0.4445616 -0.5594563 -0.4328681 -0.4529137 -0.4345779 -0.2820134 -0.5631319 -0.4594946 -0.5515949 -0.5662255 -0.5557531 -0.4367377 -0.5497874 -0.5465493 -0.5292041 -0.5221224 -0.5482882 -0.5710287 -0.5861686 -0.4351698 -0.5600103 -0.5562600 -0.5671342 -0.4525805 -0.4565551 -0.5088581 -0.5041525 -0.4073415 -0.5132245 -0.4354602 -0.5853847 -0.5728713 -0.5527725 -0.5696927 -0.5186791 -0.5566221 -0.5174161 -0.5803494 -0.5739157 -0.5769470 -0.5280963
1.1465052 1.1412414 1.1519163 1.0872281 0.8474894 1.1380719 1.1474180 1.0933585 1.1303384 0.5654814 1.1463959 0.7451341 1.0701356 1.1314448 1.1425102 1.1435709 1.1466385 1.1527327 1.1113094 1.1487870 1.1838537 1.1675806 1.1272850 1.0523213 1.1247528 1.0851773 1.9419055 1.1255041 1.0536139 1.0590714 1.0380681 1.1079116 0.9933118 1.0455320 1.0633165 0.7366750 1.0024030 1.0591843 1.1461402 1.1609735 1.1384945 1.1342584 1.0792792 1.1100987 1.0552901 0.9354991 1.1136523 -0.5952672 -0.6007265 -0.5875081 -0.5709223 -0.6107233 -0.6221598 -0.6048375 -0.6064429 -0.6214567 -0.6187292 -0.5856621 -0.5648724 -0.6017456 -0.5635077 -0.6153038 -0.6013835 -0.6174827 -0.6108291 -0.4904673 -0.6118599 -0.5998351 -0.4326639 -0.3919749 -0.4816131 -0.6005890 -0.4691135 -0.4905216 -0.4709190 -0.3058093 -0.6046507 -0.4974917 -0.5933869 -0.6079276 -0.5975265 -0.4732938 -0.5912071 -0.5880240 -0.5706366 -0.5633748 -0.5898978 -0.6127865 -0.6278976 -0.4715901 -0.6013577 -0.5982480 -0.6088971 -0.4902597 -0.4944468 -0.5494809 -0.5446545 -0.4415571 -0.5543607 -0.4718944 -0.6270660 -0.6145726 -0.5949208 -0.6120482 -0.5597758 -0.5980844 -0.5585242 -0.6216482 -0.6154931 -0.6183937 -0.5697944
1.1119682 1.1062813 1.1145185 1.0472735 0.8170950 1.1051719 1.1141597 1.0538037 1.0943068 0.5469660 1.1100216 0.7170368 1.0299364 1.0950332 1.1074306 1.1078786 1.1109999 1.1224760 1.0684823 1.1142291 1.1608471 1.1347275 1.0872014 1.0120933 1.0861796 1.0446002 1.1255041 1.8033608 1.0140715 1.0192788 0.9988269 1.0688783 0.9556720 1.0062852 1.0232935 0.7088671 0.9656385 1.0191725 1.1119715 1.1301340 1.1035563 1.0970036 1.0389400 1.0697001 1.0155629 0.9001508 1.0745107 -0.5760010 -0.5815118 -0.5680311 -0.5514814 -0.5907533 -0.6026516 -0.5850025 -0.5874082 -0.6019533 -0.5985124 -0.5658439 -0.5447474 -0.5811938 -0.5441172 -0.5960791 -0.5819247 -0.5980350 -0.5910848 -0.4722518 -0.5913312 -0.5791953 -0.4162884 -0.3771304 -0.4636672 -0.5815669 -0.4514803 -0.4723431 -0.4533167 -0.2942249 -0.5850784 -0.4791912 -0.5736586 -0.5884603 -0.5777069 -0.4555538 -0.5713596 -0.5684266 -0.5510772 -0.5437469 -0.5702370 -0.5927244 -0.6082660 -0.4538892 -0.5817618 -0.5777947 -0.5889802 -0.4720604 -0.4761468 -0.5303472 -0.5252535 -0.4249356 -0.5345391 -0.4541958 -0.6076797 -0.5951746 -0.5747389 -0.5909373 -0.5403591 -0.5786466 -0.5389060 -0.6028077 -0.5961015 -0.5990698 -0.5498482
1.0402403 1.0331336 1.0419255 0.9743165 0.7611425 1.0336994 1.0417756 0.9806570 1.0203284 0.5105023 1.0364304 0.6668189 0.9575261 1.0199361 1.0333792 1.0370208 1.0369730 1.0511171 0.9948868 1.0443249 1.1024312 1.0660073 1.0127145 0.9418713 1.0134636 0.9718723 1.0536139 1.0140715 1.7509074 0.9478012 0.9287971 0.9948596 0.8887444 0.9359671 0.9517622 0.6592562 0.9000694 0.9479396 1.0423671 1.0623927 1.0305750 1.0248678 0.9665103 0.9968789 0.9444497 0.8370542 1.0016705 -0.5379087 -0.5434107 -0.5302405 -0.5143659 -0.5530356 -0.5642228 -0.5472384 -0.5489916 -0.5632766 -0.5604526 -0.5282233 -0.5079818 -0.5437273 -0.5070724 -0.5575830 -0.5437647 -0.5598143 -0.5526463 -0.4393491 -0.5538638 -0.5418626 -0.3871282 -0.3506949 -0.4312909 -0.5435127 -0.4199596 -0.4394031 -0.4216177 -0.2735822 -0.5470780 -0.4458036 -0.5357919 -0.5501831 -0.5398567 -0.4237100 -0.5337960 -0.5307359 -0.5137506 -0.5068228 -0.5325240 -0.5548997 -0.5698019 -0.4221909 -0.5439723 -0.5403612 -0.5509894 -0.4391176 -0.4429635 -0.4938338 -0.4892824 -0.3951798 -0.4980369 -0.4224711 -0.5690998 -0.5566548 -0.5369560 -0.5533107 -0.5034479 -0.5406474 -0.5023150 -0.5640829 -0.5577731 -0.5607387 -0.5127376
1.0455667 1.0380714 1.0472001 0.9793330 0.7650738 1.0388706 1.0470190 0.9858242 1.0255698 0.5131155 1.0418433 0.6703093 0.9625075 1.0253034 1.0385903 1.0422010 1.0422690 1.0566436 0.9998938 1.0495876 1.1077281 1.0715015 1.0179858 0.9467328 1.0186001 0.9770239 1.0590714 1.0192788 0.9478012 1.7550399 0.9336375 1.0001487 0.8933859 0.9408215 0.9567288 0.6626980 0.9047173 0.9528637 1.0475187 1.0678440 1.0356586 1.0301082 0.9716333 1.0019131 0.9493791 0.8414277 1.0068076 -0.5406784 -0.5461118 -0.5329470 -0.5170080 -0.5558749 -0.5670645 -0.5500664 -0.5517716 -0.5660842 -0.5633810 -0.5309493 -0.5106078 -0.5465090 -0.5097014 -0.5603824 -0.5465770 -0.5626049 -0.5554762 -0.4416479 -0.5566993 -0.5445279 -0.3891478 -0.3525237 -0.4335491 -0.5462790 -0.4221557 -0.4416998 -0.4238049 -0.2750047 -0.5498657 -0.4481282 -0.5385255 -0.5530308 -0.5425837 -0.4259296 -0.5366017 -0.5333908 -0.5163945 -0.5094391 -0.5352975 -0.5578098 -0.5726914 -0.4243959 -0.5467665 -0.5430641 -0.5537655 -0.4414119 -0.4452640 -0.4964445 -0.4918444 -0.3972491 -0.5006068 -0.4246730 -0.5719061 -0.5594298 -0.5397257 -0.5561320 -0.5060619 -0.5434328 -0.5048836 -0.5669168 -0.5605947 -0.5635325 -0.5153891
1.0246722 1.0176071 1.0264387 0.9597622 0.7498229 1.0183280 1.0262713 0.9660642 1.0052270 0.5029588 1.0210545 0.6569197 0.9432080 1.0047607 1.0179976 1.0215236 1.0214065 1.0355808 0.9799857 1.0290099 1.0863669 1.0501832 0.9975951 0.9278863 0.9983242 0.9574345 1.0380681 0.9988269 0.9287971 0.9336375 1.7341365 0.9801692 0.8755460 0.9220510 0.9376358 0.6494635 0.8867929 0.9338078 1.0270733 1.0467472 1.0153035 1.0095993 0.9521133 0.9819844 0.9304079 0.8246118 0.9868231 -0.5300776 -0.5354822 -0.5224552 -0.5068060 -0.5450429 -0.5560855 -0.5392753 -0.5409849 -0.5551703 -0.5523413 -0.5204993 -0.5004660 -0.5358402 -0.4995762 -0.5494723 -0.5358716 -0.5517178 -0.5446909 -0.4328245 -0.5458134 -0.5338790 -0.3813733 -0.3454800 -0.4248841 -0.5355468 -0.4137179 -0.4328497 -0.4153499 -0.2695149 -0.5391476 -0.4391717 -0.5279304 -0.5422108 -0.5320308 -0.4174233 -0.5260519 -0.5229262 -0.5061877 -0.4993223 -0.5247226 -0.5468395 -0.5616180 -0.4159172 -0.5360517 -0.5324712 -0.5429556 -0.4325905 -0.4363815 -0.4865535 -0.4820483 -0.3893057 -0.4906859 -0.4161916 -0.5608595 -0.5485857 -0.5291154 -0.5453933 -0.4960074 -0.5327878 -0.4948882 -0.5559025 -0.5497373 -0.5526019 -0.5051866
1.0950398 1.0884507 1.0968195 1.0279905 0.8024303 1.0882732 1.0966818 1.0346286 1.0755008 0.5378516 1.0907733 0.7035571 1.0102514 1.0750815 1.0887442 1.0915555 1.0920658 1.1054811 1.0493979 1.0986947 1.1530797 1.1195412 1.0683308 0.9936351 1.0678941 1.0255649 1.1079116 1.0688783 0.9948596 1.0001487 0.9801692 1.7913836 0.9378302 0.9876732 1.0044155 0.6956428 0.9488777 1.0000980 1.0968369 1.1150514 1.0853015 1.0791781 1.0196975 1.0514449 0.9966691 0.8832047 1.0559998 -0.5660741 -0.5714986 -0.5581152 -0.5418601 -0.5814739 -0.5931457 -0.5757367 -0.5773026 -0.5921342 -0.5891117 -0.5561854 -0.5352114 -0.5720934 -0.5343533 -0.5861418 -0.5720822 -0.5883970 -0.5810185 -0.4634349 -0.5820651 -0.5702015 -0.4084832 -0.3700350 -0.4550222 -0.5718973 -0.4430873 -0.4635276 -0.4447844 -0.2886692 -0.5754454 -0.4702916 -0.5637943 -0.5783873 -0.5680079 -0.4470053 -0.5620355 -0.5587476 -0.5412952 -0.5340077 -0.5604081 -0.5834776 -0.5987035 -0.4453800 -0.5721895 -0.5683584 -0.5795956 -0.4632883 -0.4672949 -0.5207379 -0.5159090 -0.4169835 -0.5249927 -0.4456982 -0.5980722 -0.5852783 -0.5652553 -0.5817027 -0.5305078 -0.5688434 -0.5294493 -0.5926750 -0.5860953 -0.5895869 -0.5402198
0.9804404 0.9735510 0.9819491 0.9183531 0.7175460 0.9741274 0.9818107 0.9243659 0.9617024 0.4813291 0.9768859 0.6286061 0.9025367 0.9612582 0.9739336 0.9774690 0.9773563 0.9910537 0.9375854 0.9845093 1.0389951 1.0046998 0.9544989 0.8878435 0.9551157 0.9161681 0.9933118 0.9556720 0.8887444 0.8933859 0.8755460 0.9378302 1.6804899 0.8822876 0.8971939 0.6214743 0.8484353 0.8935246 0.9825231 1.0013233 0.9714759 0.9659014 0.9110758 0.9394941 0.8902430 0.7890753 0.9440897 -0.5073238 -0.5124405 -0.5000555 -0.4849795 -0.5216905 -0.5323097 -0.5161522 -0.5178201 -0.5314243 -0.5287188 -0.4981397 -0.4789241 -0.5128337 -0.4781078 -0.5259880 -0.5128632 -0.5281285 -0.5213892 -0.4141822 -0.5224857 -0.5110626 -0.3649426 -0.3305963 -0.4065804 -0.5126024 -0.3958912 -0.4142246 -0.3974571 -0.2579018 -0.5160558 -0.4202474 -0.5052883 -0.5189988 -0.5091813 -0.3994437 -0.5034550 -0.5004361 -0.4844345 -0.4778570 -0.5022321 -0.5234665 -0.5376359 -0.3979948 -0.5130352 -0.5096221 -0.5197151 -0.4139298 -0.4175779 -0.4656261 -0.4613009 -0.3725232 -0.4695843 -0.3982601 -0.5369030 -0.5250949 -0.5064604 -0.5220093 -0.4747008 -0.5099319 -0.4735918 -0.5321711 -0.5262076 -0.5290300 -0.4834182
1.0321008 1.0250962 1.0339748 0.9671472 0.7555314 1.0255945 1.0339875 0.9735686 1.0126551 0.5067363 1.0286728 0.6619580 0.9505247 1.0122677 1.0255176 1.0290953 1.0290446 1.0432051 0.9874414 1.0363365 1.0931714 1.0577296 1.0051805 0.9349711 1.0058937 0.9647844 1.0455320 1.0062852 0.9359671 0.9408215 0.9220510 0.9876732 0.8822876 1.7381322 0.9449004 0.6544564 0.8933778 0.9410065 1.0342971 1.0539030 1.0229217 1.0174721 0.9594275 0.9893500 0.9375316 0.8309789 0.9941096 -0.5341642 -0.5394384 -0.5264257 -0.5106073 -0.5491167 -0.5602532 -0.5433468 -0.5450411 -0.5592797 -0.5564209 -0.5243711 -0.5042551 -0.5397949 -0.5034060 -0.5535512 -0.5398563 -0.5558415 -0.5487158 -0.4361311 -0.5498903 -0.5379799 -0.3843051 -0.3481237 -0.4281514 -0.5395882 -0.4169026 -0.4362043 -0.4185512 -0.2715921 -0.5431053 -0.4425435 -0.5318359 -0.5463139 -0.5359368 -0.4206417 -0.5300124 -0.5268947 -0.5099948 -0.5031341 -0.5286861 -0.5510203 -0.5657789 -0.4191169 -0.5400992 -0.5364557 -0.5469739 -0.4359233 -0.4397336 -0.4902675 -0.4857344 -0.3922959 -0.4944064 -0.4193963 -0.5650727 -0.5526413 -0.5330878 -0.5494238 -0.4998403 -0.5368488 -0.4986950 -0.5599442 -0.5538439 -0.5566835 -0.5090135
