1.156156	0.504732	0.507803	0.466551	0.321762	0.502779	0.505977	0.469164	0.496962	0.177761	0.503741	0.450867	0.462030	0.503471	0.505985	0.504587	0.506583	0.508526	0.485368	0.505497	0.509939	0.507322	0.494466	0.396238	0.491897	0.471941	0.508175	0.493016	0.463213	0.441351	0.414424	0.482213	0.450574	0.456963	0.453522	0.346825	0.186448	0.446419	0.502010	0.506380	0.498687	0.496809	0.460493	0.479938	0.442148	0.408756	0.481930	-0.327332	-0.331130	-0.327261	-0.321465	-0.335414	-0.337338	-0.332112	-0.334659	-0.335869	-0.336142	-0.326693	-0.320812	-0.331299	-0.324066	-0.335438	-0.331440	-0.335819	-0.335110	-0.309258	-0.335499	-0.331611	-0.288839	-0.318037	-0.307015	-0.332344	-0.294116	-0.309862	-0.311487	-0.309221	-0.332535	-0.307808	-0.328872	-0.333704	-0.329881	-0.308065	-0.328634	-0.326667	-0.324079	-0.319555	-0.327565	-0.335081	-0.338763	-0.303996	-0.332203	-0.331121	-0.334890	-0.307030	-0.304455	-0.315819	-0.316624	-0.312344	-0.313177	-0.307817	-0.338285	-0.335281	-0.329365	-0.332577	-0.322123	-0.330600	-0.318789	-0.338171	-0.335637	-0.335503	-0.322843	
0.504732	1.132329	0.508760	0.473411	0.317154	0.502727	0.502490	0.470397	0.492803	0.180823	0.500769	0.444766	0.465698	0.498418	0.500796	0.502433	0.503278	0.506203	0.481567	0.504880	0.504741	0.506629	0.494548	0.392905	0.489581	0.481575	0.506685	0.491839	0.463135	0.432263	0.410749	0.480749	0.440524	0.454783	0.446118	0.342529	0.192449	0.441966	0.503856	0.506553	0.496749	0.494188	0.461094	0.477700	0.437352	0.394257	0.479091	-0.327362	-0.331089	-0.327356	-0.323562	-0.334931	-0.336869	-0.332084	-0.334266	-0.335791	-0.336070	-0.326847	-0.320097	-0.330962	-0.323788	-0.334947	-0.331820	-0.335571	-0.334770	-0.306869	-0.335103	-0.331338	-0.302745	-0.315601	-0.307016	-0.332471	-0.296223	-0.308836	-0.314067	-0.302744	-0.332842	-0.309452	-0.329219	-0.333043	-0.330767	-0.303684	-0.328385	-0.327021	-0.324195	-0.319230	-0.327914	-0.334595	-0.338483	-0.297418	-0.332069	-0.330834	-0.335209	-0.308589	-0.304308	-0.315502	-0.317474	-0.314982	-0.312765	-0.309128	-0.338115	-0.335172	-0.328656	-0.332058	-0.322645	-0.330098	-0.317962	-0.338195	-0.335734	-0.335501	-0.322254	
0.507803	0.508760	1.145029	0.471364	0.315337	0.505348	0.504820	0.470342	0.498883	0.178016	0.505935	0.447894	0.466116	0.503531	0.505266	0.504691	0.508813	0.510685	0.490475	0.507584	0.509179	0.512097	0.496692	0.397042	0.490488	0.473954	0.512526	0.495781	0.460313	0.443836	0.424349	0.484359	0.444380	0.461515	0.450277	0.353846	0.200104	0.444298	0.505592	0.510311	0.501746	0.498067	0.466166	0.478888	0.448965	0.399806	0.480790	-0.328364	-0.331447	-0.327386	-0.322889	-0.335465	-0.337711	-0.332156	-0.334557	-0.336186	-0.336654	-0.326823	-0.320734	-0.332033	-0.324439	-0.335554	-0.331997	-0.335820	-0.334989	-0.301867	-0.335762	-0.331743	-0.307927	-0.315589	-0.308535	-0.333244	-0.302108	-0.315392	-0.310476	-0.304699	-0.332658	-0.310261	-0.328821	-0.333350	-0.329992	-0.307115	-0.328699	-0.326776	-0.324492	-0.320659	-0.327833	-0.334853	-0.338671	-0.302519	-0.332593	-0.332094	-0.335398	-0.303872	-0.306651	-0.315014	-0.318545	-0.313079	-0.314538	-0.308666	-0.338737	-0.335623	-0.329406	-0.332883	-0.321284	-0.330250	-0.319420	-0.338534	-0.336116	-0.335602	-0.323450	
0.466551	0.473411	0.471364	1.036134	0.286990	0.467263	0.470550	0.441735	0.466468	0.163896	0.467132	0.390598	0.413697	0.458484	0.469215	0.469617	0.468986	0.470890	0.445734	0.471919	0.472801	0.477143	0.454740	0.363107	0.454077	0.427270	0.471201	0.455647	0.417666	0.374601	0.341647	0.438005	0.398363	0.411713	0.408403	0.311107	0.176628	0.393416	0.474671	0.473470	0.464916	0.466065	0.414564	0.441782	0.386096	0.342533	0.447858	-0.325682	-0.330131	-0.324990	-0.317455	-0.335125	-0.337322	-0.329804	-0.334165	-0.336199	-0.335591	-0.324319	-0.314686	-0.328014	-0.319178	-0.335226	-0.332172	-0.335969	-0.334288	-0.298601	-0.333256	-0.330373	-0.274469	-0.317994	-0.312481	-0.331959	-0.268425	-0.294370	-0.294342	-0.299438	-0.332351	-0.305885	-0.323886	-0.333627	-0.329835	-0.284037	-0.325366	-0.322799	-0.321303	-0.315074	-0.326452	-0.334417	-0.338436	-0.281220	-0.331137	-0.330129	-0.333875	-0.305498	-0.293067	-0.310131	-0.310381	-0.292867	-0.305863	-0.288964	-0.339687	-0.335548	-0.326959	-0.332335	-0.317258	-0.328754	-0.313499	-0.337881	-0.336347	-0.334471	-0.316600	
0.321762	0.317154	0.315337	0.286990	1.083848	0.319139	0.311635	0.289271	0.338286	0.638035	0.315160	0.273640	0.282125	0.302952	0.313017	0.311316	0.315254	0.316419	0.296687	0.315728	0.376797	0.312882	0.295692	0.219767	0.304397	0.280141	0.311914	0.307597	0.247872	0.235986	0.209839	0.290219	0.258492	0.260405	0.260413	0.202517	0.145871	0.246570	0.312895	0.314331	0.312817	0.306731	0.266337	0.299343	0.233871	0.228594	0.301214	-0.230833	-0.234520	-0.229757	-0.223791	-0.239612	-0.241495	-0.236333	-0.238139	-0.239915	-0.241799	-0.227564	-0.222293	-0.234002	-0.227896	-0.238902	-0.235793	-0.239398	-0.239731	-0.191214	-0.238395	-0.233756	-0.217825	-0.189668	-0.213532	-0.235773	-0.191163	-0.211451	-0.217360	-0.233345	-0.236670	-0.216075	-0.231054	-0.237179	-0.233120	-0.213752	-0.231854	-0.229312	-0.226781	-0.217995	-0.230997	-0.238450	-0.242336	-0.212778	-0.234146	-0.236962	-0.237826	-0.204843	-0.209155	-0.216397	-0.218740	-0.205163	-0.211352	-0.199330	-0.244662	-0.238524	-0.232886	-0.234099	-0.220686	-0.231068	-0.220818	-0.241500	-0.239003	-0.241179	-0.227504	
0.502779	0.502727	0.505348	0.467263	0.319139	1.146584	0.500924	0.470144	0.495524	0.186687	0.501582	0.429940	0.457814	0.501058	0.501841	0.502162	0.501781	0.505356	0.481657	0.501071	0.504379	0.509269	0.490598	0.396320	0.489344	0.470081	0.503900	0.490200	0.467116	0.436187	0.425393	0.479720	0.435483	0.453819	0.445579	0.352504	0.193568	0.436422	0.501868	0.503970	0.498733	0.493064	0.460961	0.474588	0.440280	0.389229	0.477637	-0.325825	-0.329826	-0.325831	-0.321670	-0.333761	-0.336161	-0.331267	-0.333018	-0.334790	-0.335038	-0.324944	-0.318685	-0.330616	-0.322731	-0.334093	-0.329666	-0.334222	-0.333059	-0.301844	-0.333746	-0.330526	-0.289359	-0.310671	-0.308288	-0.331110	-0.302049	-0.310036	-0.313392	-0.301230	-0.331312	-0.308653	-0.327644	-0.331780	-0.328590	-0.305950	-0.327688	-0.325126	-0.323165	-0.318437	-0.326705	-0.333148	-0.337183	-0.301742	-0.330598	-0.329687	-0.333929	-0.308256	-0.303037	-0.314459	-0.315354	-0.307640	-0.311493	-0.309979	-0.337732	-0.333853	-0.327636	-0.330741	-0.318923	-0.329335	-0.317719	-0.336663	-0.334656	-0.334362	-0.321707	
0.505977	0.502490	0.504820	0.470550	0.311635	0.500924	1.158935	0.466911	0.496376	0.180275	0.503998	0.429068	0.461704	0.501473	0.504424	0.501166	0.504140	0.505582	0.479072	0.502243	0.505594	0.509951	0.500168	0.394440	0.486339	0.474584	0.506243	0.492520	0.459654	0.427272	0.399761	0.480474	0.432248	0.453425	0.445018	0.352243	0.184654	0.435450	0.500152	0.504255	0.498282	0.508739	0.460717	0.473617	0.432735	0.372233	0.477134	-0.325557	-0.329837	-0.325741	-0.320701	-0.333717	-0.336006	-0.330511	-0.332975	-0.334661	-0.334776	-0.324459	-0.317789	-0.329912	-0.322099	-0.334314	-0.329525	-0.333929	-0.333180	-0.308329	-0.333307	-0.329456	-0.287960	-0.313876	-0.300352	-0.330582	-0.302679	-0.300126	-0.312140	-0.286218	-0.331169	-0.304242	-0.327043	-0.332073	-0.328389	-0.298454	-0.326792	-0.325650	-0.322530	-0.318720	-0.325544	-0.333254	-0.336862	-0.301426	-0.330342	-0.329472	-0.332560	-0.302154	-0.300433	-0.311468	-0.314033	-0.306375	-0.308335	-0.308155	-0.337191	-0.333886	-0.326870	-0.330547	-0.318802	-0.328752	-0.316373	-0.336858	-0.334320	-0.334356	-0.320380	
0.469164	0.470397	0.470342	0.441735	0.289271	0.470144	0.466911	1.040585	0.463639	0.163957	0.469050	0.405792	0.417593	0.461021	0.468680	0.476510	0.469589	0.475366	0.453941	0.472973	0.471282	0.474715	0.459366	0.391301	0.460077	0.420956	0.469724	0.458296	0.403578	0.397593	0.368733	0.446144	0.400267	0.429555	0.419339	0.293305	0.180268	0.398833	0.471544	0.474965	0.466316	0.468176	0.425690	0.449825	0.404178	0.396216	0.448334	-0.328249	-0.332084	-0.326546	-0.321602	-0.335674	-0.338393	-0.332959	-0.335499	-0.338032	-0.337746	-0.325081	-0.320008	-0.332191	-0.324193	-0.337251	-0.332368	-0.337894	-0.336766	-0.293531	-0.336503	-0.331352	-0.288063	-0.291996	-0.303112	-0.333555	-0.287440	-0.316029	-0.316220	-0.321422	-0.333356	-0.314057	-0.328705	-0.334616	-0.330479	-0.307160	-0.329677	-0.327059	-0.323837	-0.317041	-0.327005	-0.335310	-0.339483	-0.305426	-0.333684	-0.332413	-0.336605	-0.302821	-0.287528	-0.313770	-0.312908	-0.290893	-0.310543	-0.278645	-0.341327	-0.336644	-0.329251	-0.333380	-0.321249	-0.330836	-0.318062	-0.340548	-0.338077	-0.336038	-0.322040	
0.496962	0.492803	0.498883	0.466468	0.338286	0.495524	0.496376	0.463639	1.109424	0.173871	0.497096	0.430486	0.490391	0.491942	0.495139	0.496348	0.497923	0.501508	0.477008	0.498626	0.500346	0.501579	0.483748	0.389788	0.484921	0.460882	0.500819	0.488430	0.447481	0.427187	0.398960	0.474627	0.431033	0.447399	0.449697	0.348660	0.195291	0.435989	0.499171	0.500286	0.493062	0.490764	0.456937	0.473734	0.426432	0.387191	0.473857	-0.326475	-0.332113	-0.327253	-0.323029	-0.335236	-0.337656	-0.332742	-0.335078	-0.336588	-0.336992	-0.326527	-0.320842	-0.332502	-0.324167	-0.335884	-0.332486	-0.335811	-0.334821	-0.303771	-0.335224	-0.331982	-0.296199	-0.300916	-0.305820	-0.333180	-0.299263	-0.309540	-0.312902	-0.311639	-0.333383	-0.311629	-0.330027	-0.334197	-0.330450	-0.303998	-0.329608	-0.328075	-0.324290	-0.319902	-0.329034	-0.335165	-0.339578	-0.298337	-0.333218	-0.331743	-0.334202	-0.310871	-0.301909	-0.316474	-0.317297	-0.315419	-0.314086	-0.307275	-0.339449	-0.335758	-0.329278	-0.332285	-0.320311	-0.330271	-0.318686	-0.338870	-0.336228	-0.335869	-0.323857	
0.177761	0.180823	0.178016	0.163896	0.638035	0.186687	0.180275	0.163957	0.173871	1.050293	0.179965	0.162163	0.155427	0.174167	0.176467	0.175398	0.178182	0.184303	0.164038	0.177096	0.175361	0.177181	0.173083	0.142807	0.167698	0.188616	0.175843	0.172948	0.146440	0.135312	0.123509	0.166384	0.140474	0.145637	0.145590	0.163261	0.145110	0.138781	0.172930	0.176357	0.174967	0.171442	0.159098	0.163381	0.137684	0.129371	0.166007	-0.136554	-0.139954	-0.137275	-0.136508	-0.143168	-0.143679	-0.140779	-0.141918	-0.143034	-0.142861	-0.137570	-0.133863	-0.141624	-0.137411	-0.141440	-0.142142	-0.142047	-0.143807	-0.139414	-0.142259	-0.141503	-0.129798	-0.125041	-0.152931	-0.140294	-0.108968	-0.140952	-0.124384	-0.161645	-0.140577	-0.133063	-0.139602	-0.142501	-0.139651	-0.130860	-0.138038	-0.137158	-0.135471	-0.136693	-0.139509	-0.141879	-0.144813	-0.144482	-0.141087	-0.140753	-0.144285	-0.130339	-0.136045	-0.128642	-0.133645	-0.150867	-0.127140	-0.129747	-0.145416	-0.141968	-0.139404	-0.134806	-0.135237	-0.139919	-0.134410	-0.144866	-0.143775	-0.143262	-0.136694	
0.503741	0.500769	0.505935	0.467132	0.315160	0.501582	0.503998	0.469050	0.497096	0.179965	1.147692	0.445533	0.460636	0.499489	0.502934	0.501464	0.502679	0.507385	0.487686	0.503056	0.507104	0.508542	0.492394	0.386998	0.490630	0.471351	0.510343	0.494822	0.460146	0.436635	0.411856	0.479888	0.446568	0.457776	0.453170	0.347477	0.191084	0.445082	0.501505	0.508030	0.498655	0.495109	0.461362	0.475412	0.444538	0.397170	0.480228	-0.327269	-0.330235	-0.326757	-0.321563	-0.334363	-0.337094	-0.331643	-0.333791	-0.335842	-0.335967	-0.326150	-0.319164	-0.331235	-0.323999	-0.335071	-0.331052	-0.335582	-0.334881	-0.302654	-0.334880	-0.330396	-0.292836	-0.304947	-0.309316	-0.332329	-0.291222	-0.309649	-0.307671	-0.288945	-0.332414	-0.309265	-0.328497	-0.332987	-0.329478	-0.306197	-0.327656	-0.326463	-0.324312	-0.318008	-0.327703	-0.334017	-0.338500	-0.302793	-0.332078	-0.331541	-0.334203	-0.306795	-0.305834	-0.313852	-0.314904	-0.308615	-0.312528	-0.307347	-0.338184	-0.334859	-0.329010	-0.331672	-0.321548	-0.330310	-0.318527	-0.338208	-0.335344	-0.335455	-0.321271	
0.450867	0.444766	0.447894	0.390598	0.273640	0.429940	0.429068	0.405792	0.430486	0.162163	0.445533	1.101006	0.332388	0.467941	0.458851	0.465531	0.458164	0.461094	0.398211	0.488492	0.458241	0.435212	0.417649	0.654231	0.404594	0.396033	0.449609	0.436378	0.341515	0.372458	0.453974	0.397158	0.320029	0.354286	0.362010	0.150246	1.470554	0.371500	0.447590	0.426158	0.425919	0.444798	0.384338	0.422087	0.342811	0.225075	0.401967	-0.322975	-0.324743	-0.299812	-0.296790	-0.323399	-0.319790	-0.316205	-0.316632	-0.320439	-0.317297	-0.305698	-0.291165	-0.311413	-0.298735	-0.321350	-0.322241	-0.326254	-0.320679	-0.283605	-0.329334	-0.308977	-0.248545	-0.121977	-0.206955	-0.321416	-0.325659	-0.311100	-0.272915	-0.273534	-0.324010	-0.251530	-0.319225	-0.323001	-0.315190	-0.237093	-0.312638	-0.311927	-0.299857	-0.284868	-0.316261	-0.323603	-0.327256	-0.227052	-0.327872	-0.312740	-0.318363	-0.271832	-0.284509	-0.294636	-0.291711	-0.160771	-0.284222	-0.231158	-0.327860	-0.324260	-0.310538	-0.322924	-0.306429	-0.317644	-0.300944	-0.326885	-0.323871	-0.318996	-0.296731	
0.462030	0.465698	0.466116	0.413697	0.282125	0.457814	0.461704	0.417593	0.490391	0.155427	0.460636	0.332388	1.086959	0.453042	0.458365	0.456166	0.480321	0.467149	0.438425	0.469956	0.507595	0.476093	0.448739	0.342939	0.440983	0.416607	0.478789	0.463233	0.398064	0.362262	0.292614	0.433701	0.366285	0.406263	0.380732	0.287733	0.180995	0.370845	0.460612	0.467207	0.457189	0.454266	0.404090	0.427059	0.354402	0.364755	0.441506	-0.322065	-0.327605	-0.321096	-0.312917	-0.329480	-0.334105	-0.327496	-0.332664	-0.332278	-0.334097	-0.321307	-0.312996	-0.325593	-0.315258	-0.332635	-0.326900	-0.332037	-0.329962	-0.277282	-0.332798	-0.326628	-0.264763	-0.294313	-0.280638	-0.329058	-0.288090	-0.291950	-0.293946	-0.224003	-0.328997	-0.294527	-0.324096	-0.327721	-0.324893	-0.302195	-0.325358	-0.320415	-0.316495	-0.310010	-0.322797	-0.330664	-0.335370	-0.282729	-0.327049	-0.325103	-0.329909	-0.288642	-0.278357	-0.301948	-0.305351	-0.291400	-0.288670	-0.298398	-0.336204	-0.330419	-0.322977	-0.329643	-0.309325	-0.326868	-0.310664	-0.337448	-0.332878	-0.333263	-0.314762	
0.503471	0.498418	0.503531	0.458484	0.302952	0.501058	0.501473	0.461021	0.491942	0.174167	0.499489	0.467941	0.453042	1.078116	0.503110	0.503322	0.504193	0.505482	0.476197	0.497913	0.503413	0.510544	0.494272	0.390447	0.483593	0.465742	0.506149	0.488054	0.446557	0.420335	0.387039	0.471474	0.425061	0.439141	0.436408	0.338852	0.185488	0.434928	0.499064	0.504101	0.494207	0.489928	0.450495	0.464216	0.422084	0.379547	0.468363	-0.324295	-0.326979	-0.322592	-0.317136	-0.331470	-0.333471	-0.328297	-0.331189	-0.332682	-0.332390	-0.321893	-0.314160	-0.327314	-0.318925	-0.331575	-0.327623	-0.332093	-0.331002	-0.297902	-0.331012	-0.326988	-0.290803	-0.299044	-0.301437	-0.328322	-0.299935	-0.296482	-0.306425	-0.299999	-0.328923	-0.303360	-0.324714	-0.330303	-0.326015	-0.293489	-0.324204	-0.322607	-0.319134	-0.314086	-0.324005	-0.331072	-0.335241	-0.291815	-0.328123	-0.327525	-0.329950	-0.296603	-0.298062	-0.308952	-0.308431	-0.304651	-0.305228	-0.304078	-0.335333	-0.331964	-0.324874	-0.327728	-0.315541	-0.325957	-0.312657	-0.335047	-0.332433	-0.331604	-0.317867	
0.505985	0.500796	0.505266	0.469215	0.313017	0.501841	0.504424	0.468680	0.495139	0.176467	0.502934	0.458851	0.458365	0.503110	1.106278	0.503374	0.505849	0.506239	0.484630	0.505603	0.506339	0.507757	0.497686	0.387372	0.487683	0.471762	0.507104	0.491732	0.458244	0.426292	0.418845	0.482308	0.433706	0.454237	0.455799	0.327444	0.194129	0.440558	0.500667	0.507020	0.499689	0.495016	0.459666	0.475119	0.440635	0.381070	0.479217	-0.326244	-0.330124	-0.326182	-0.321099	-0.334173	-0.336379	-0.330861	-0.333587	-0.335016	-0.335371	-0.325237	-0.319438	-0.330682	-0.323280	-0.334204	-0.330644	-0.334634	-0.333641	-0.301076	-0.334287	-0.330487	-0.298455	-0.302990	-0.301056	-0.331415	-0.301185	-0.309750	-0.308621	-0.295765	-0.332220	-0.308519	-0.327811	-0.332172	-0.328905	-0.302547	-0.326896	-0.326591	-0.323523	-0.318877	-0.326134	-0.333652	-0.337773	-0.301562	-0.330857	-0.329434	-0.333255	-0.308504	-0.303168	-0.313710	-0.316695	-0.314948	-0.310842	-0.301122	-0.337294	-0.334014	-0.328653	-0.331585	-0.319267	-0.328926	-0.317631	-0.337028	-0.334771	-0.334256	-0.322356	
0.504587	0.502433	0.504691	0.469617	0.311316	0.502162	0.501166	0.476510	0.496348	0.175398	0.501464	0.465531	0.456166	0.503322	0.503374	1.159674	0.504169	0.505317	0.486682	0.501463	0.505159	0.507157	0.492554	0.439987	0.489118	0.471847	0.505774	0.490942	0.450663	0.436383	0.406632	0.481320	0.448270	0.456337	0.455231	0.344857	0.189981	0.442158	0.502976	0.505242	0.499824	0.495688	0.462439	0.478542	0.435173	0.400933	0.478526	-0.327864	-0.331455	-0.328224	-0.322780	-0.335134	-0.337613	-0.332698	-0.334906	-0.336441	-0.336601	-0.326082	-0.319285	-0.331856	-0.324340	-0.336067	-0.331704	-0.335648	-0.335246	-0.304277	-0.335738	-0.332379	-0.292789	-0.316730	-0.312316	-0.332621	-0.304769	-0.305710	-0.312966	-0.310046	-0.333063	-0.313367	-0.329289	-0.333105	-0.330714	-0.302238	-0.328927	-0.327626	-0.325029	-0.321432	-0.328361	-0.335038	-0.339375	-0.301594	-0.332532	-0.331439	-0.335632	-0.305562	-0.306788	-0.316365	-0.316796	-0.315426	-0.313877	-0.309462	-0.339187	-0.335563	-0.329894	-0.332249	-0.322229	-0.331472	-0.319538	-0.338547	-0.336317	-0.335698	-0.323925	
0.506583	0.503278	0.508813	0.468986	0.315254	0.501781	0.504140	0.469589	0.497923	0.178182	0.502679	0.458164	0.480321	0.504193	0.505849	0.504169	1.118425	0.507864	0.485809	0.504973	0.510900	0.510648	0.495836	0.392061	0.486919	0.469839	0.510578	0.494317	0.464287	0.438542	0.408351	0.479838	0.457340	0.453601	0.449684	0.324343	0.190771	0.436170	0.502330	0.507261	0.500921	0.496431	0.463094	0.476717	0.439972	0.392132	0.480971	-0.325981	-0.329383	-0.325518	-0.321481	-0.333853	-0.336060	-0.330975	-0.332820	-0.334900	-0.334619	-0.325728	-0.319566	-0.330449	-0.322568	-0.334181	-0.330118	-0.334445	-0.333883	-0.305940	-0.333369	-0.330267	-0.296824	-0.302284	-0.311461	-0.330738	-0.300064	-0.306601	-0.306249	-0.302822	-0.331214	-0.305455	-0.327552	-0.331975	-0.328404	-0.305000	-0.327639	-0.326108	-0.322142	-0.318969	-0.327076	-0.333701	-0.337835	-0.300442	-0.330739	-0.330336	-0.333356	-0.303240	-0.305831	-0.312802	-0.314263	-0.314880	-0.311262	-0.300940	-0.337134	-0.334144	-0.327355	-0.331267	-0.320382	-0.329539	-0.316658	-0.336804	-0.334560	-0.334070	-0.321948	
0.508526	0.506203	0.510685	0.470890	0.316419	0.505356	0.505582	0.475366	0.501508	0.184303	0.507385	0.461094	0.467149	0.505482	0.506239	0.505317	0.507864	1.170744	0.488838	0.507489	0.509599	0.510571	0.497355	0.388820	0.494418	0.489364	0.509062	0.496919	0.466965	0.448199	0.405790	0.486462	0.460132	0.462567	0.453972	0.343462	0.197208	0.447633	0.506714	0.511704	0.504466	0.498432	0.470895	0.481484	0.444350	0.397423	0.484821	-0.327720	-0.331384	-0.327622	-0.322936	-0.335567	-0.337567	-0.332357	-0.334697	-0.335966	-0.335787	-0.327327	-0.320779	-0.331860	-0.324882	-0.335699	-0.331940	-0.335874	-0.334938	-0.308676	-0.335073	-0.332115	-0.302979	-0.309449	-0.303785	-0.332388	-0.308617	-0.311035	-0.313920	-0.294765	-0.332517	-0.311495	-0.329588	-0.333391	-0.330375	-0.304238	-0.328754	-0.327670	-0.324139	-0.319924	-0.328247	-0.335102	-0.339372	-0.307249	-0.332168	-0.332189	-0.335449	-0.309479	-0.302994	-0.315585	-0.317372	-0.314894	-0.314284	-0.300015	-0.338734	-0.335685	-0.329990	-0.332046	-0.322021	-0.330945	-0.318783	-0.338417	-0.336138	-0.336065	-0.323502	
0.485368	0.481567	0.490475	0.445734	0.296687	0.481657	0.479072	0.453941	0.477008	0.164038	0.487686	0.398211	0.438425	0.476197	0.484630	0.486682	0.485809	0.488838	1.063936	0.484530	0.485729	0.488168	0.470384	0.374453	0.472288	0.441105	0.493620	0.474596	0.440944	0.400387	0.400036	0.459417	0.413321	0.431826	0.421149	0.329525	0.191911	0.417376	0.484454	0.487821	0.479939	0.478692	0.436627	0.461512	0.410564	0.371191	0.462277	-0.327465	-0.331979	-0.328301	-0.321380	-0.335446	-0.338813	-0.332956	-0.335600	-0.337769	-0.337101	-0.327134	-0.320669	-0.332108	-0.323152	-0.336043	-0.332579	-0.337361	-0.336077	-0.297720	-0.336379	-0.331424	-0.281449	-0.308148	-0.308019	-0.332912	-0.304430	-0.315600	-0.308169	-0.315109	-0.333137	-0.305733	-0.329524	-0.334169	-0.331701	-0.298374	-0.328312	-0.328352	-0.324763	-0.319956	-0.328302	-0.336416	-0.340182	-0.305353	-0.333158	-0.332908	-0.335864	-0.303433	-0.300964	-0.314437	-0.314476	-0.308528	-0.307583	-0.307049	-0.340518	-0.335847	-0.329641	-0.332490	-0.320825	-0.331226	-0.315790	-0.339744	-0.337828	-0.336818	-0.322571	
0.505497	0.504880	0.507584	0.471919	0.315728	0.501071	0.502243	0.472973	0.498626	0.177096	0.503056	0.488492	0.469956	0.497913	0.505603	0.501463	0.504973	0.507489	0.484530	1.197377	0.516293	0.506970	0.494691	0.398620	0.489547	0.476214	0.508214	0.492766	0.458443	0.439017	0.416085	0.483603	0.447138	0.458193	0.455088	0.341372	0.189617	0.442261	0.501777	0.504335	0.500134	0.495263	0.466229	0.478043	0.438783	0.391790	0.482602	-0.328783	-0.332211	-0.328426	-0.323289	-0.336115	-0.338492	-0.332924	-0.335619	-0.337044	-0.337398	-0.327587	-0.320545	-0.332141	-0.324295	-0.336327	-0.333175	-0.336509	-0.335840	-0.309261	-0.336466	-0.333195	-0.300639	-0.307087	-0.310526	-0.333329	-0.306536	-0.309737	-0.313394	-0.308047	-0.333793	-0.308293	-0.329789	-0.334161	-0.330928	-0.305125	-0.329934	-0.327823	-0.325203	-0.320972	-0.328960	-0.335555	-0.339847	-0.298604	-0.333641	-0.332871	-0.336180	-0.308743	-0.304929	-0.316494	-0.317995	-0.310528	-0.314931	-0.311330	-0.339598	-0.336413	-0.330432	-0.333359	-0.321876	-0.331421	-0.319463	-0.338993	-0.336777	-0.336937	-0.324046	
0.509939	0.504741	0.509179	0.472801	0.376797	0.504379	0.505594	0.471282	0.500346	0.175361	0.507104	0.458241	0.507595	0.503413	0.506339	0.505159	0.510900	0.509599	0.485729	0.516293	1.502670	0.511510	0.499668	0.423532	0.494490	0.490642	0.510895	0.495093	0.466262	0.439000	0.415456	0.487057	0.450775	0.458875	0.457366	0.322719	0.184643	0.451843	0.504779	0.508511	0.502316	0.498057	0.465427	0.478352	0.443814	0.397153	0.484346	-0.334593	-0.338051	-0.334632	-0.328621	-0.342566	-0.344432	-0.339178	-0.341389	-0.343045	-0.343575	-0.333647	-0.327292	-0.339353	-0.331017	-0.342388	-0.339072	-0.342826	-0.341713	-0.315036	-0.342485	-0.340371	-0.312091	-0.317268	-0.314350	-0.339481	-0.310683	-0.314397	-0.323781	-0.311135	-0.340170	-0.317008	-0.336289	-0.340384	-0.337376	-0.309529	-0.336295	-0.334578	-0.332060	-0.327659	-0.335435	-0.342028	-0.345657	-0.310302	-0.339554	-0.339134	-0.342494	-0.316875	-0.314530	-0.322853	-0.323360	-0.319162	-0.320196	-0.308611	-0.345365	-0.342632	-0.337335	-0.339546	-0.328587	-0.338080	-0.325469	-0.345291	-0.342864	-0.342443	-0.330153	
0.507322	0.506629	0.512097	0.477143	0.312882	0.509269	0.509951	0.474715	0.501579	0.177181	0.508542	0.435212	0.476093	0.510544	0.507757	0.507157	0.510648	0.510571	0.488168	0.506970	0.511510	1.262144	0.502255	0.425016	0.494286	0.482244	0.513353	0.498296	0.468771	0.449665	0.420204	0.485620	0.450767	0.466462	0.459582	0.333905	0.186058	0.450266	0.507577	0.510152	0.505266	0.498578	0.465930	0.479763	0.441304	0.402043	0.485037	-0.329975	-0.333010	-0.329458	-0.324194	-0.337259	-0.339144	-0.333938	-0.336548	-0.337654	-0.338085	-0.328934	-0.322831	-0.333972	-0.326473	-0.337472	-0.333584	-0.337272	-0.336594	-0.310482	-0.337307	-0.334671	-0.308710	-0.316626	-0.309162	-0.334007	-0.308194	-0.311935	-0.314226	-0.303471	-0.334684	-0.310594	-0.331032	-0.335121	-0.332260	-0.307569	-0.330791	-0.329192	-0.326516	-0.321961	-0.329721	-0.336931	-0.340374	-0.303832	-0.334465	-0.333385	-0.336954	-0.310660	-0.310549	-0.316849	-0.318223	-0.313801	-0.315393	-0.310425	-0.339949	-0.337271	-0.331331	-0.334365	-0.324134	-0.332279	-0.321274	-0.339960	-0.337503	-0.337356	-0.324442	
0.494466	0.494548	0.496692	0.454740	0.295692	0.490598	0.500168	0.459366	0.483748	0.173083	0.492394	0.417649	0.448739	0.494272	0.497686	0.492554	0.495836	0.497355	0.470384	0.494691	0.499668	0.502255	1.061428	0.399792	0.474764	0.461164	0.500153	0.482041	0.439397	0.414003	0.394320	0.468963	0.422981	0.435186	0.430873	0.324576	0.195766	0.421243	0.493567	0.496965	0.487594	0.485067	0.444514	0.465275	0.423101	0.368215	0.464279	-0.323482	-0.326185	-0.323213	-0.316506	-0.330730	-0.333434	-0.327821	-0.331517	-0.332336	-0.332637	-0.321606	-0.315719	-0.327108	-0.318278	-0.331448	-0.327571	-0.331551	-0.330623	-0.297527	-0.330426	-0.327259	-0.283926	-0.303257	-0.290216	-0.328469	-0.291461	-0.300702	-0.307836	-0.288985	-0.328221	-0.298008	-0.324196	-0.329383	-0.325803	-0.298809	-0.322985	-0.322476	-0.318545	-0.312455	-0.322394	-0.330740	-0.334989	-0.287279	-0.328418	-0.325860	-0.330520	-0.299291	-0.294558	-0.309702	-0.309909	-0.307622	-0.303868	-0.286614	-0.335001	-0.331838	-0.323596	-0.328380	-0.316776	-0.325566	-0.312824	-0.334458	-0.331729	-0.331850	-0.317615	
0.396238	0.392905	0.397042	0.363107	0.219767	0.396320	0.394440	0.391301	0.389788	0.142807	0.386998	0.654231	0.342939	0.390447	0.387372	0.439987	0.392061	0.388820	0.374453	0.398620	0.423532	0.425016	0.399792	1.567869	0.396809	0.363924	0.430723	0.388902	0.315968	0.288803	0.366506	0.376963	0.325803	0.341871	0.343277	1.360501	4.348812	0.302312	0.393064	0.398665	0.392310	0.390447	0.367102	0.370928	0.284039	0.547802	0.377278	-0.292915	-0.307251	-0.299532	-0.279499	-0.315892	-0.313756	-0.298726	-0.310044	-0.311451	-0.311686	-0.296155	-0.258841	-0.296131	-0.291924	-0.312189	-0.310580	-0.314596	-0.311142	-0.241475	-0.313040	-0.310689	-0.262641	-0.132319	-0.272351	-0.307046	-0.241612	-0.304320	-0.327388	-0.235293	-0.310133	-0.276058	-0.301043	-0.311269	-0.307095	-0.241595	-0.302463	-0.302565	-0.295976	-0.282856	-0.300523	-0.312471	-0.319472	-0.247082	-0.312277	-0.311679	-0.311936	-0.281873	-0.251703	-0.291009	-0.281990	-0.309665	-0.270546	-0.275820	-0.320312	-0.315322	-0.305697	-0.309191	-0.302143	-0.307232	-0.299834	-0.316879	-0.312366	-0.313929	-0.304031	
0.491897	0.489581	0.490488	0.454077	0.304397	0.489344	0.486339	0.460077	0.484921	0.167698	0.490630	0.404594	0.440983	0.483593	0.487683	0.489118	0.486919	0.494418	0.472288	0.489547	0.494490	0.494286	0.474764	0.396809	1.100366	0.451543	0.491536	0.480392	0.451253	0.426985	0.403649	0.466964	0.429340	0.447887	0.446450	0.345690	0.188706	0.437625	0.490966	0.497078	0.488347	0.486279	0.453145	0.469981	0.451791	0.369421	0.470941	-0.328931	-0.332258	-0.328014	-0.323565	-0.335689	-0.339287	-0.333997	-0.336531	-0.337142	-0.337972	-0.327871	-0.320521	-0.332513	-0.326822	-0.336520	-0.333200	-0.337331	-0.336279	-0.300275	-0.336215	-0.333404	-0.299982	-0.309696	-0.308023	-0.334240	-0.301257	-0.307795	-0.307188	-0.310840	-0.333489	-0.305415	-0.330712	-0.334187	-0.331507	-0.301444	-0.330498	-0.328274	-0.324992	-0.320361	-0.329075	-0.335917	-0.340590	-0.297082	-0.334038	-0.332440	-0.336690	-0.306931	-0.300826	-0.314054	-0.317135	-0.304516	-0.311057	-0.298422	-0.340486	-0.337441	-0.329864	-0.333546	-0.322411	-0.331973	-0.317667	-0.340403	-0.337235	-0.337371	-0.324338	
0.471941	0.481575	0.473954	0.427270	0.280141	0.470081	0.474584	0.420956	0.460882	0.188616	0.471351	0.396033	0.416607	0.465742	0.471762	0.471847	0.469839	0.489364	0.441105	0.476214	0.490642	0.482244	0.461164	0.363924	0.451543	1.039260	0.481787	0.459356	0.368475	0.369163	0.327199	0.445106	0.389224	0.404542	0.391880	0.295837	0.191841	0.382125	0.468003	0.475277	0.472529	0.462833	0.415240	0.437935	0.370449	0.292790	0.438512	-0.316490	-0.321823	-0.316896	-0.310326	-0.327180	-0.328913	-0.322554	-0.326970	-0.328074	-0.326698	-0.314864	-0.308120	-0.323355	-0.310740	-0.326533	-0.321791	-0.326834	-0.325849	-0.277461	-0.325584	-0.319270	-0.273914	-0.301304	-0.292020	-0.323492	-0.251709	-0.296315	-0.283959	-0.282607	-0.324398	-0.290208	-0.318261	-0.324042	-0.320553	-0.281875	-0.319237	-0.316445	-0.312008	-0.307315	-0.316361	-0.326231	-0.330692	-0.289067	-0.324114	-0.320263	-0.325849	-0.266450	-0.279729	-0.301854	-0.299913	-0.274598	-0.294957	-0.279136	-0.331650	-0.327473	-0.317460	-0.323927	-0.307907	-0.320759	-0.302151	-0.331007	-0.326999	-0.327063	-0.311356	
0.508175	0.506685	0.512526	0.471201	0.311914	0.503900	0.506243	0.469724	0.500819	0.175843	0.510343	0.449609	0.478789	0.506149	0.507104	0.505774	0.510578	0.509062	0.493620	0.508214	0.510895	0.513353	0.500153	0.430723	0.491536	0.481787	1.208283	0.497125	0.472417	0.438300	0.406553	0.483084	0.454080	0.458770	0.460091	0.346308	0.189158	0.444363	0.504336	0.510407	0.503455	0.499844	0.461885	0.478052	0.443819	0.403515	0.482118	-0.327172	-0.330989	-0.327377	-0.321942	-0.335103	-0.336910	-0.331581	-0.334517	-0.335915	-0.336479	-0.326544	-0.320675	-0.331401	-0.324088	-0.335282	-0.331547	-0.335517	-0.334534	-0.304626	-0.334850	-0.331841	-0.301375	-0.307240	-0.308221	-0.331710	-0.303507	-0.306672	-0.312382	-0.313118	-0.332627	-0.305357	-0.329112	-0.333015	-0.329742	-0.306828	-0.327932	-0.327197	-0.324751	-0.319862	-0.327742	-0.334387	-0.338453	-0.301425	-0.331676	-0.330903	-0.334503	-0.303978	-0.306585	-0.313656	-0.316493	-0.311188	-0.312426	-0.308801	-0.338326	-0.335040	-0.329304	-0.332118	-0.321216	-0.330163	-0.318706	-0.337695	-0.335670	-0.335301	-0.322580	
0.493016	0.491839	0.495781	0.455647	0.307597	0.490200	0.492520	0.458296	0.488430	0.172948	0.494822	0.436378	0.463233	0.488054	0.491732	0.490942	0.494317	0.496919	0.474596	0.492766	0.495093	0.498296	0.482041	0.388902	0.480392	0.459356	0.497125	1.104123	0.454207	0.426354	0.396902	0.469676	0.424204	0.439955	0.441578	0.346424	0.187599	0.429578	0.491015	0.497586	0.489567	0.486873	0.450537	0.465723	0.433951	0.392574	0.470829	-0.326939	-0.330204	-0.326495	-0.320533	-0.334843	-0.337084	-0.331496	-0.334876	-0.336227	-0.336500	-0.325259	-0.318034	-0.330739	-0.323876	-0.335260	-0.331910	-0.335346	-0.334712	-0.301495	-0.334641	-0.330506	-0.293184	-0.297532	-0.305006	-0.332188	-0.291150	-0.304444	-0.312856	-0.308496	-0.332755	-0.309044	-0.328141	-0.333350	-0.329569	-0.302231	-0.327279	-0.326243	-0.323699	-0.318932	-0.327170	-0.333991	-0.338801	-0.290570	-0.331372	-0.329884	-0.334014	-0.302129	-0.298411	-0.314658	-0.314587	-0.307302	-0.309110	-0.292133	-0.338307	-0.335413	-0.327615	-0.331134	-0.321268	-0.329828	-0.317143	-0.338475	-0.335640	-0.335462	-0.322339	
0.463213	0.463135	0.460313	0.417666	0.247872	0.467116	0.459654	0.403578	0.447481	0.146440	0.460146	0.341515	0.398064	0.446557	0.458244	0.450663	0.464287	0.466965	0.440944	0.458443	0.466262	0.468771	0.439397	0.315968	0.451253	0.368475	0.472417	0.454207	1.010787	0.349128	0.281821	0.426609	0.361679	0.345636	0.386568	0.275986	0.239101	0.363137	0.461652	0.471355	0.462945	0.453315	0.377625	0.431401	0.377632	0.250955	0.431548	-0.315314	-0.324071	-0.314194	-0.309374	-0.326553	-0.326334	-0.318676	-0.326903	-0.325306	-0.330902	-0.312410	-0.310402	-0.320455	-0.306221	-0.326897	-0.322136	-0.328812	-0.322649	-0.278663	-0.327048	-0.320014	-0.286199	-0.268850	-0.307165	-0.324349	-0.275653	-0.266155	-0.292571	-0.348751	-0.322478	-0.311610	-0.317711	-0.322351	-0.318520	-0.250314	-0.316154	-0.318296	-0.308898	-0.300192	-0.316454	-0.324114	-0.330863	-0.286701	-0.322437	-0.320649	-0.323950	-0.263002	-0.270489	-0.288959	-0.295860	-0.244395	-0.282011	-0.295475	-0.331595	-0.327810	-0.314317	-0.324065	-0.307963	-0.316353	-0.297401	-0.332186	-0.325699	-0.327993	-0.307536	
0.441351	0.432263	0.443836	0.374601	0.235986	0.436187	0.427272	0.397593	0.427187	0.135312	0.436635	0.372458	0.362262	0.420335	0.426292	0.436383	0.438542	0.448199	0.400387	0.439017	0.439000	0.449665	0.414003	0.288803	0.426985	0.369163	0.438300	0.426354	0.349128	1.008008	0.222533	0.399650	0.316032	0.332314	0.335604	0.199393	0.189893	0.316246	0.442016	0.450447	0.437160	0.430385	0.369298	0.408470	0.308022	0.309058	0.406345	-0.311541	-0.314440	-0.304998	-0.295741	-0.321991	-0.324813	-0.317622	-0.319907	-0.322059	-0.324381	-0.302963	-0.299164	-0.314914	-0.300044	-0.321604	-0.316281	-0.321301	-0.319629	-0.257534	-0.320272	-0.310237	-0.260569	-0.248066	-0.270850	-0.318995	-0.273718	-0.264798	-0.275541	-0.227292	-0.317128	-0.291854	-0.312390	-0.316915	-0.313700	-0.257534	-0.305446	-0.304793	-0.300628	-0.296596	-0.308949	-0.322548	-0.325052	-0.265297	-0.315200	-0.315551	-0.318131	-0.275716	-0.230508	-0.290127	-0.292411	-0.280880	-0.268596	-0.259730	-0.325969	-0.321438	-0.307093	-0.318450	-0.294577	-0.310735	-0.292002	-0.327479	-0.323168	-0.320735	-0.299878	
0.414424	0.410749	0.424349	0.341647	0.209839	0.425393	0.399761	0.368733	0.398960	0.123509	0.411856	0.453974	0.292614	0.387039	0.418845	0.406632	0.408351	0.405790	0.400036	0.416085	0.415456	0.420204	0.394320	0.366506	0.403649	0.327199	0.406553	0.396902	0.281821	0.222533	1.043183	0.404910	0.337279	0.332368	0.347777	0.172102	0.456430	0.289795	0.438404	0.414806	0.423934	0.414095	0.327388	0.386309	0.336705	0.220994	0.405293	-0.295761	-0.304810	-0.291869	-0.295723	-0.321287	-0.310879	-0.305288	-0.311710	-0.311843	-0.316135	-0.292210	-0.269786	-0.310293	-0.264287	-0.309166	-0.313811	-0.311205	-0.303326	-0.200236	-0.310341	-0.299745	-0.283713	-0.260451	-0.253808	-0.301405	-0.181889	-0.117793	-0.253576	-0.290496	-0.303864	-0.224976	-0.296204	-0.310901	-0.306409	-0.257133	-0.298255	-0.289718	-0.279990	-0.268602	-0.289905	-0.311641	-0.311688	-0.264487	-0.309661	-0.299252	-0.299982	-0.199190	-0.215933	-0.268041	-0.277836	-0.227991	-0.254021	-0.270063	-0.314916	-0.315393	-0.290604	-0.316566	-0.271908	-0.296272	-0.278545	-0.317039	-0.314353	-0.311283	-0.293079	
0.482213	0.480749	0.484359	0.438005	0.290219	0.479720	0.480474	0.446144	0.474627	0.166384	0.479888	0.397158	0.433701	0.471474	0.482308	0.481320	0.479838	0.486462	0.459417	0.483603	0.487057	0.485620	0.468963	0.376963	0.466964	0.445106	0.483084	0.469676	0.426609	0.399650	0.404910	1.062882	0.424061	0.430007	0.423859	0.393625	0.207129	0.396525	0.482560	0.485670	0.480740	0.474456	0.430176	0.457272	0.409504	0.355172	0.458950	-0.324392	-0.328909	-0.322638	-0.317663	-0.333743	-0.335547	-0.330084	-0.332254	-0.334077	-0.334712	-0.321332	-0.314766	-0.329614	-0.317777	-0.333291	-0.329952	-0.333216	-0.332531	-0.287317	-0.332036	-0.329108	-0.296055	-0.293529	-0.300219	-0.330473	-0.287066	-0.289332	-0.298522	-0.275911	-0.330338	-0.300215	-0.325214	-0.330060	-0.327541	-0.293482	-0.325107	-0.324221	-0.319612	-0.313741	-0.322749	-0.332186	-0.337019	-0.271291	-0.329801	-0.327645	-0.331256	-0.306942	-0.297641	-0.309128	-0.309595	-0.299110	-0.305128	-0.282620	-0.336783	-0.333378	-0.326208	-0.329728	-0.315307	-0.326173	-0.313736	-0.337363	-0.333775	-0.333385	-0.318461	
0.450574	0.440524	0.444380	0.398363	0.258492	0.435483	0.432248	0.400267	0.431033	0.140474	0.446568	0.320029	0.366285	0.425061	0.433706	0.448270	0.457340	0.460132	0.413321	0.447138	0.450775	0.450767	0.422981	0.325803	0.429340	0.389224	0.454080	0.424204	0.361679	0.316032	0.337279	0.424061	0.949038	0.384132	0.382777	0.172484	0.192525	0.318749	0.448625	0.448049	0.449258	0.442404	0.387045	0.409376	0.317482	0.284592	0.422646	-0.315024	-0.318040	-0.314229	-0.309367	-0.326085	-0.328639	-0.321485	-0.321551	-0.327902	-0.326657	-0.315659	-0.307605	-0.315501	-0.305994	-0.321172	-0.317888	-0.326645	-0.325320	-0.269689	-0.320988	-0.321861	-0.261144	-0.288762	-0.346138	-0.321380	-0.218695	-0.280748	-0.299705	-0.280175	-0.323860	-0.212253	-0.317421	-0.327469	-0.314368	-0.277960	-0.318444	-0.309941	-0.309958	-0.304299	-0.316182	-0.322017	-0.329847	-0.260037	-0.317626	-0.320511	-0.321773	-0.173954	-0.252382	-0.292242	-0.301085	-0.190173	-0.296831	-0.284199	-0.333187	-0.326144	-0.314109	-0.323102	-0.292983	-0.314868	-0.303697	-0.329543	-0.324972	-0.329789	-0.303396	
0.456963	0.454783	0.461515	0.411713	0.260405	0.453819	0.453425	0.429555	0.447399	0.145637	0.457776	0.354286	0.406263	0.439141	0.454237	0.456337	0.453601	0.462567	0.431826	0.458193	0.458875	0.466462	0.435186	0.341871	0.447887	0.404542	0.458770	0.439955	0.345636	0.332314	0.332368	0.430007	0.384132	1.014785	0.408066	0.289272	0.174123	0.367282	0.460352	0.462871	0.456709	0.461768	0.387864	0.432309	0.346153	0.347550	0.432401	-0.324408	-0.325097	-0.321086	-0.320308	-0.333697	-0.335497	-0.329232	-0.331110	-0.331668	-0.334678	-0.315999	-0.309442	-0.327254	-0.319760	-0.334405	-0.328512	-0.332857	-0.332322	-0.255640	-0.332597	-0.327891	-0.256378	-0.235452	-0.280099	-0.328875	-0.282148	-0.270296	-0.287803	-0.300775	-0.329326	-0.282377	-0.322465	-0.329241	-0.324660	-0.295153	-0.323911	-0.322882	-0.315425	-0.310171	-0.321767	-0.333439	-0.337101	-0.271982	-0.331755	-0.328584	-0.331849	-0.300584	-0.278154	-0.299737	-0.307302	-0.238482	-0.290248	-0.279828	-0.339596	-0.333395	-0.322872	-0.330226	-0.315491	-0.324683	-0.308642	-0.337250	-0.333902	-0.331574	-0.318414	
0.453522	0.446118	0.450277	0.408403	0.260413	0.445579	0.445018	0.419339	0.449697	0.145590	0.453170	0.362010	0.380732	0.436408	0.455799	0.455231	0.449684	0.453972	0.421149	0.455088	0.457366	0.459582	0.430873	0.343277	0.446450	0.391880	0.460091	0.441578	0.386568	0.335604	0.347777	0.423859	0.382777	0.408066	1.029553	0.334877	0.225305	0.361858	0.452949	0.457766	0.451031	0.449299	0.391006	0.427143	0.352697	0.313690	0.432760	-0.319869	-0.323403	-0.318186	-0.313715	-0.330365	-0.333456	-0.325040	-0.331156	-0.331094	-0.329169	-0.319394	-0.306557	-0.324253	-0.317356	-0.329473	-0.325282	-0.331801	-0.329037	-0.287378	-0.329705	-0.323191	-0.260996	-0.295115	-0.282430	-0.326796	-0.277349	-0.294652	-0.287531	-0.273367	-0.326899	-0.280660	-0.321516	-0.328140	-0.324506	-0.275207	-0.321674	-0.316631	-0.314022	-0.303079	-0.321634	-0.330296	-0.335963	-0.290847	-0.328475	-0.323892	-0.328575	-0.280787	-0.282292	-0.304456	-0.299718	-0.285336	-0.291013	-0.258947	-0.335104	-0.330163	-0.318911	-0.326316	-0.314018	-0.323284	-0.307984	-0.334595	-0.333053	-0.331715	-0.318855	
0.346825	0.342529	0.353846	0.311107	0.202517	0.352504	0.352243	0.293305	0.348660	0.163261	0.347477	0.150246	0.287733	0.338852	0.327444	0.344857	0.324343	0.343462	0.329525	0.341372	0.322719	0.333905	0.324576	1.360501	0.345690	0.295837	0.346308	0.346424	0.275986	0.199393	0.172102	0.393625	0.172484	0.289272	0.334877	1.655606	4.500555	0.186066	0.353387	0.371487	0.362131	0.349596	0.275007	0.383879	0.245424	0.415296	0.337543	-0.275820	-0.299364	-0.300838	-0.257672	-0.304348	-0.292911	-0.266574	-0.293509	-0.297821	-0.300589	-0.276036	-0.196884	-0.276535	-0.294178	-0.288721	-0.300479	-0.293648	-0.300164	-0.304657	-0.292866	-0.302783	-0.306001	-0.233122	-0.253483	-0.292824	-0.120972	-0.230773	-0.211810	-0.216561	-0.301982	-0.143531	-0.279636	-0.293377	-0.299002	-0.260179	-0.288781	-0.294981	-0.285450	-0.272217	-0.296192	-0.311704	-0.305471	-0.204875	-0.283970	-0.291779	-0.300061	-0.244790	-0.325051	-0.258432	-0.250269	-0.322481	-0.232998	-0.230229	-0.307432	-0.305363	-0.290799	-0.302214	-0.297348	-0.294983	-0.267226	-0.302117	-0.286101	-0.300231	-0.276514	
0.186448	0.192449	0.200104	0.176628	0.145871	0.193568	0.184654	0.180268	0.195291	0.145110	0.191084	1.470554	0.180995	0.185488	0.194129	0.189981	0.190771	0.197208	0.191911	0.189617	0.184643	0.186058	0.195766	4.348812	0.188706	0.191841	0.189158	0.187599	0.239101	0.189893	0.456430	0.207129	0.192525	0.174123	0.225305	4.500555	4.014825	0.283325	0.188876	0.241359	0.194623	0.192419	0.212955	0.194801	0.548269	1.476222	0.253859	-0.213006	-0.244019	-0.231567	-0.211137	-0.255702	-0.246674	-0.199589	-0.219399	-0.229220	-0.239070	-0.196806	-0.080800	-0.218690	-0.239961	-0.255816	-0.257521	-0.260949	-0.256010	-0.155669	-0.254462	-0.257845	-0.150744	-0.209512	-0.185515	-0.255286	-0.222521	-0.220001	-0.256021	-0.244846	-0.259169	-0.237719	-0.250922	-0.256892	-0.256856	-0.241384	-0.262848	-0.252016	-0.242508	-0.242220	-0.250988	-0.258305	-0.265981	-0.209210	-0.258521	-0.255935	-0.265695	-0.228057	-0.223491	-0.222867	-0.237522	-0.267505	-0.226442	-0.254139	-0.266966	-0.258947	-0.252261	-0.256693	-0.244781	-0.252136	-0.243793	-0.260952	-0.252103	-0.253875	-0.249430	
