Sample	1	2	3	4	5	6	7	8	9	10	11	12	13	14	15	16	17	18	19	20	21	22	23	24	25	26	27	28	29	30	31
Zdi-ADup_001-Ex1-11B-lcwgs-1-1	86.40062016225744	11.123912075732248	1.931761142706592	0.40683598008576205	0.09733685678465005	0.02661610127916273	0.008162271058943238	0.002853246057126245	0.0008375199869176539	0.0003406860963732829	0.00021292881023330184	0.00011356203212442765	8.517152409332073e-05	1.4195254015553456e-05	4.2585762046660366e-05	0.0	1.4195254015553456e-05	4.2585762046660366e-05	0.0	1.4195254015553456e-05	0.0	0.0	0.0	2.8390508031106913e-05	1.4195254015553456e-05	2.8390508031106913e-05	1.4195254015553456e-05	0.0	0.0	0.0	9.936677810887419e-05
Zdi-ADup_002-Ex1-9G-lcwgs-1-1	91.11639455148587	7.655890261310423	1.0145227747589904	0.17007078254258207	0.03283666550749862	0.007232745706497494	0.0019817723235803133	0.0006364816221717794	0.00014465491412994988	8.679294847796992e-05	4.339647423898496e-05	2.893098282598997e-05	0.0	0.0	1.4465491412994985e-05	1.4465491412994985e-05	0.0	0.0	1.4465491412994985e-05	0.0	1.4465491412994985e-05	0.0	0.0	0.0	0.0	0.0	0.0	0.0	0.0	0.0	7.232745706497494e-05
Zdi-ADup_003-Ex1-9H-lcwgs-1-1	91.67642351884048	7.182728444070993	0.9427140158910075	0.15564719311470604	0.03197517328556311	0.006763209368285564	0.0021877048055203795	0.0006803228358630448	0.00025345360551760497	0.00016007596137953997	8.003798068976998e-05	6.669831724147498e-05	5.3358653793179994e-05	4.001899034488499e-05	2.6679326896589997e-05	1.3339663448294999e-05	1.3339663448294999e-05	0.0	1.3339663448294999e-05	1.3339663448294999e-05	1.3339663448294999e-05	1.3339663448294999e-05	1.3339663448294999e-05	0.0	2.6679326896589997e-05	1.3339663448294999e-05	0.0	0.0	0.0	0.0	6.669831724147498e-05
Zdi-ADup_004-Ex1-10A-lcwgs-1-1	94.64656964656965	4.669092169092169	0.4937629937629938	0.09961884961884962	0.030318780318780318	0.004331254331254331	0.021656271656271656	0.0	0.0	0.0	0.012993762993762994	0.004331254331254331	0.0	0.0	0.004331254331254331	0.0	0.0	0.0	0.0	0.0	0.004331254331254331	0.004331254331254331	0.0	0.0	0.0	0.0	0.0	0.0	0.0	0.0	0.004331254331254331
Zdi-ADup_005-Ex1-10B-lcwgs-1-1	93.77071975175365	5.533559021493528	0.6014807397001207	0.07494590340908185	0.012118912040617491	0.002710809272243386	0.0004783781068664799	0.0004783781068664799	0.0	0.0001594593689554933	0.0001594593689554933	0.0001594593689554933	0.0001594593689554933	0.0003189187379109866	0.0	0.0	0.0	0.0003189187379109866	0.0	0.0	0.0	0.0003189187379109866	0.0	0.0	0.0001594593689554933	0.0	0.0	0.0001594593689554933	0.0	0.0	0.001594593689554933
Zdi-ADup_006-Ex1-10C-lcwgs-1-1	89.08970202899641	8.8375745261492	1.5350231307990123	0.3658598584926257	0.11011544309096104	0.03793799864749241	0.014571556050455188	0.005356098276610439	0.0020657469103786217	0.0006184870989157551	0.0003463527753928228	0.00023502509758798688	4.94789679132604e-05	4.94789679132604e-05	6.18487098915755e-05	2.47394839566302e-05	2.47394839566302e-05	2.47394839566302e-05	2.47394839566302e-05	0.0	3.71092259349453e-05	0.0	3.71092259349453e-05	3.71092259349453e-05	0.0	2.47394839566302e-05	0.0	1.23697419783151e-05	1.23697419783151e-05	1.23697419783151e-05	0.0001608066457180963
Zdi-ADup_007-Ex1-10D-lcwgs-1-1	91.63445624078997	7.304086922020941	0.8922922345607996	0.13674831906697568	0.024564283305210655	0.005016205621074315	0.0013107672979691678	0.0004411236098934699	0.0003024847610698079	0.00012603531711241996	0.00011343178540117798	5.041412684496799e-05	2.5207063422483995e-05	0.00012603531711241996	6.301765855620998e-05	2.5207063422483995e-05	3.781059513372599e-05	3.781059513372599e-05	1.2603531711241997e-05	0.0	1.2603531711241997e-05	0.0	0.0	2.5207063422483995e-05	1.2603531711241997e-05	0.0	1.2603531711241997e-05	1.2603531711241997e-05	1.2603531711241997e-05	0.0	7.562119026745198e-05
Zdi-ADup_008-Ex1-10E-lcwgs-1-1	88.32107589634191	9.728401837765729	1.5645798554643602	0.29478372508629813	0.06686628442753464	0.016996389718096222	0.00472582543381212	0.0013680020992614032	0.0004974553088223284	0.0001243638272055821	0.0001243638272055821	0.0	0.0	0.0	0.0	0.0	4.145460906852737e-05	0.0	0.0	0.0	0.0	4.145460906852737e-05	0.0	0.0	0.0	0.0	0.0	0.0	4.145460906852737e-05	0.0	0.00033163687254821896
Zdi-ADup_009-Ex1-10F-lcwgs-1-1	92.94149793978056	6.20811089305118	0.7186188421656118	0.10304289367939744	0.020174445106994787	0.003830590843100276	0.000893804530056731	0.0003830590843100276	0.00025537272287335175	0.0006384318071833793	0.0	0.00012768636143667587	0.0	0.00012768636143667587	0.00012768636143667587	0.00012768636143667587	0.0	0.00025537272287335175	0.0	0.00012768636143667587	0.0	0.0	0.0	0.00012768636143667587	0.00012768636143667587	0.0	0.0	0.00012768636143667587	0.0	0.00012768636143667587	0.0011491772529300828
Zdi-ADup_010-Ex1-10G-lcwgs-1-1	95.61227816852205	3.8846709208626393	0.4150687554665383	0.06106996651502683	0.016043804762422304	0.0031052525346623814	0.0	0.000517542089110397	0.000517542089110397	0.0	0.0	0.001035084178220794	0.001035084178220794	0.0	0.0	0.000517542089110397	0.001035084178220794	0.0	0.0	0.0	0.000517542089110397	0.0	0.000517542089110397	0.0	0.0	0.0	0.0	0.0	0.0	0.000517542089110397	0.0015526262673311907
Zdi-ADup_011-Ex1-10H-lcwgs-1-1	90.56693522141809	8.100125192905173	1.089893703840739	0.18885321899419275	0.0388702050738898	0.010110251723847899	0.0029988034774125123	0.0011424013247285762	0.0003855604470958944	0.00018564021526839362	5.712006623642881e-05	7.140008279553601e-05	5.712006623642881e-05	1.4280016559107203e-05	1.4280016559107203e-05	1.4280016559107203e-05	1.4280016559107203e-05	4.2840049677321606e-05	2.8560033118214406e-05	2.8560033118214406e-05	0.0	1.4280016559107203e-05	0.0	1.4280016559107203e-05	1.4280016559107203e-05	2.8560033118214406e-05	0.0	0.0	1.4280016559107203e-05	1.4280016559107203e-05	5.712006623642881e-05
Zdi-ADup_012-Ex1-11A-lcwgs-1-1	82.55905920700482	12.741769259652793	3.1121425889383323	1.0186065462447371	0.35431529667414974	0.13062131004785452	0.052328414728651206	0.014779781259237365	0.007989070950939115	0.0011983606426408673	0.0015978141901878229	0.0003994535475469557	0.0003994535475469557	0.0003994535475469557	0.0	0.0007989070950939114	0.0003994535475469557	0.0	0.0003994535475469557	0.0	0.0	0.0	0.0	0.0003994535475469557	0.0003994535475469557	0.0	0.0003994535475469557	0.0	0.0	0.0	0.0015978141901878229
Zdi-ADup_013-Ex1-12F-lcwgs-1-1	88.19755210210035	9.390225038871488	1.7745426844261014	0.44213803468973	0.1284837928916364	0.041576175152825974	0.015825769896882145	0.005275256632294048	0.0020564559753010695	0.0008941112936091607	0.0002682333880827482	0.0002682333880827482	8.941112936091608e-05	0.0	8.941112936091608e-05	8.941112936091608e-05	0.0	0.0	0.0	8.941112936091608e-05	0.0	0.0	0.0	0.0	0.0	0.0	0.0	0.0	0.0	0.0	0.0005364667761654964
Zdi-ADup_014-Ex1-11C-lcwgs-1-1	86.47307280031839	11.016370219099105	1.9497128481915391	0.4074641072343277	0.10656232177076465	0.02987230919244061	0.010070405692103155	0.003292248014726032	0.0016703317133536484	0.0006294003557564472	0.0003147001778782236	0.00024207705990632585	7.262311797189777e-05	7.262311797189777e-05	2.4207705990632586e-05	2.4207705990632586e-05	0.00014524623594379553	0.0	2.4207705990632586e-05	0.0	2.4207705990632586e-05	0.0	2.4207705990632586e-05	2.4207705990632586e-05	2.4207705990632586e-05	2.4207705990632586e-05	7.262311797189777e-05	0.0	2.4207705990632586e-05	0.0	0.00014524623594379553
Zdi-ADup_015-Ex1-11D-lcwgs-1-1	92.51695699102297	6.461104542809988	0.8458964219592382	0.1390015235939538	0.027910599072975956	0.00640320000686276	0.0014705913891359449	0.0005667904312294787	0.00024509856485599083	0.00010723062212449598	3.0637320606998854e-05	0.0	1.5318660303499427e-05	4.595598091049828e-05	4.595598091049828e-05	0.0	1.5318660303499427e-05	0.0	1.5318660303499427e-05	0.0	0.0	3.0637320606998854e-05	0.0	0.0	0.0	1.5318660303499427e-05	0.0	1.5318660303499427e-05	1.5318660303499427e-05	0.0	9.191196182099655e-05
Zdi-ADup_016-Ex1-11E-lcwgs-1-1	85.3258543681823	11.786843265568447	2.2017277929039922	0.5005517677742709	0.1273425219897518	0.03763977909360622	0.012517530770706237	0.004160055002403864	0.0019181091927251348	0.0007846810333875553	0.0003113813624553791	7.473152698929096e-05	6.22762724910758e-05	6.22762724910758e-05	3.736576349464548e-05	0.0	1.2455254498215162e-05	1.2455254498215162e-05	1.2455254498215162e-05	0.0	2.4910508996430325e-05	0.0	0.0	0.0	0.0	0.0	0.0	0.0	0.0	0.0	4.982101799286065e-05
Zdi-ADup_017-Ex1-11F-lcwgs-1-1	91.22366866710159	7.610062383132978	0.9735124286011883	0.1543985659738118	0.029423358310703182	0.006377399867025755	0.0013409691651936795	0.00043659461192352357	0.00028066796480797945	0.00010914865298088089	9.355598826932649e-05	3.118532942310883e-05	3.118532942310883e-05	6.237065884621766e-05	3.118532942310883e-05	0.0	0.0	1.5592664711554414e-05	0.0	0.0	1.5592664711554414e-05	0.0	0.0	1.5592664711554414e-05	0.0	0.0	0.0	0.0	0.0	3.118532942310883e-05	6.237065884621766e-05
Zdi-ADup_018-Ex1-11G-lcwgs-1-1	89.50804437197782	8.826046524927813	1.3213656160659872	0.25754381408138916	0.060823518268203716	0.017859834257402032	0.005254294134432486	0.0017752603764862593	0.0005838104593813872	0.0003574349751314616	7.148699502629232e-05	5.95724958552436e-05	4.765799668419488e-05	4.765799668419488e-05	1.191449917104872e-05	0.0	0.0	0.0	0.0	0.0	0.0	0.0	0.0	1.191449917104872e-05	0.0	0.0	0.0	0.0	0.0	1.191449917104872e-05	8.340149419734105e-05
Zdi-ADup_019-Ex1-11H-lcwgs-1-1	91.4094116001714	7.407034076842506	0.9773436012188155	0.16406845124738145	0.03116965816035041	0.007178692153875452	0.0018969601028375547	0.0008554918110836031	0.00029756236907255764	7.439059226813941e-05	3.7195296134069705e-05	0.0	0.0001115858884022091	3.7195296134069705e-05	3.7195296134069705e-05	0.0	3.7195296134069705e-05	0.0	3.7195296134069705e-05	0.0	0.0	0.0	0.0	0.0	0.0	0.0	0.0	0.0	7.439059226813941e-05	0.0	0.00029756236907255764
Zdi-ADup_020-Ex1-12A-lcwgs-1-1	94.79343520090549	4.503193467539817	0.5012531328320802	0.13744037513137683	0.02425418384671356	0.008084727948904519	0.008084727948904519	0.02425418384671356	0.0	0.0	0.0	0.0	0.0	0.0	0.0	0.0	0.0	0.0	0.0	0.0	0.0	0.0	0.0	0.0	0.0	0.0	0.0	0.0	0.0	0.0	0.0
Zdi-ADup_021-Ex1-12B-lcwgs-1-1	95.2820323552931	4.116380636033709	0.4638002091406778	0.08857722827089869	0.019683828504644153	0.0073814356892415575	0.002460478563080519	0.002460478563080519	0.0	0.0012302392815402596	0.002460478563080519	0.0	0.002460478563080519	0.002460478563080519	0.0012302392815402596	0.0	0.0	0.002460478563080519	0.0012302392815402596	0.0	0.0	0.0	0.0	0.0	0.0	0.0	0.0012302392815402596	0.0	0.0	0.0	0.002460478563080519
Zdi-ADup_022-Ex1-12C-lcwgs-1-1	88.83108007994434	9.372841907446212	1.4397167732726668	0.27373250570965013	0.060736045119999645	0.015278694848437933	0.0041014150620957935	0.0014040880392760375	0.000508058172106461	0.00017551100490950468	0.00013856131966539844	9.237421311026563e-06	3.694968524410625e-05	9.237421311026563e-06	0.0	1.8474842622053125e-05	9.237421311026563e-06	0.0	1.8474842622053125e-05	2.7712263933079688e-05	1.8474842622053125e-05	0.0	1.8474842622053125e-05	9.237421311026563e-06	0.0	0.0	1.8474842622053125e-05	0.0	9.237421311026563e-06	9.237421311026563e-06	7.38993704882125e-05
Zdi-ADup_023-Ex1-12D-lcwgs-1-1	91.07064942737864	7.606608532078058	1.0676557356360803	0.19484462513490006	0.04272660237491999	0.011488079843852661	0.0032257170004906487	0.0011318305264879467	0.00036784492110858273	0.00014147881581099333	0.00028295763162198667	0.00011318305264879468	5.659152632439734e-05	0.00014147881581099333	8.488728948659602e-05	5.659152632439734e-05	0.0	5.659152632439734e-05	2.829576316219867e-05	0.0	0.0	5.659152632439734e-05	0.0	0.0	0.0	2.829576316219867e-05	0.0	2.829576316219867e-05	0.0	2.829576316219867e-05	0.0001980703421353907
Zdi-ADup_024-Ex1-12E-lcwgs-1-1	86.47515304526993	10.843912050048825	1.990480593802218	0.4765074791223422	0.13525153908577633	0.048115015606684686	0.018340492392340733	0.006254184644250083	0.0033764923232761186	0.0014964000069064617	0.00034532307851687575	0.00019184615473159762	0.00011510769283895859	0.0001534769237852781	0.0	0.0	0.0	3.836923094631953e-05	0.0	0.0	3.836923094631953e-05	3.836923094631953e-05	3.836923094631953e-05	0.0	0.0	0.0	3.836923094631953e-05	0.0	3.836923094631953e-05	0.0	7.673846189263906e-05
Zdi-ADup_025-Ex1-2A-lcwgs-1-1	94.67073023171396	4.729566216952024	0.4915602879787041	0.0597434811543348	0.017393671728477222	0.004537479581341884	0.003024986387561256	0.0037812329844515696	0.000756246596890314	0.001512493193780628	0.003024986387561256	0.001512493193780628	0.000756246596890314	0.001512493193780628	0.002268739790670942	0.000756246596890314	0.002268739790670942	0.0	0.001512493193780628	0.0	0.0	0.0	0.001512493193780628	0.0	0.0	0.001512493193780628	0.0	0.0	0.0	0.0	0.000756246596890314
Zdi-ADup_026-Ex1-12G-lcwgs-1-1	92.54490794242858	6.591786828914277	0.7424179302170136	0.10082471546446416	0.015149297348975325	0.002149562461678931	0.00020472023444561248	0.0003070803516684187	0.00020472023444561248	0.00010236011722280624	0.00020472023444561248	0.00020472023444561248	0.0	0.0	0.00010236011722280624	0.00010236011722280624	0.00010236011722280624	0.0	0.00020472023444561248	0.00010236011722280624	0.00010236011722280624	0.00020472023444561248	0.0	0.00010236011722280624	0.0	0.0	0.00010236011722280624	0.0	0.0	0.0	0.00040944046889122496
Zdi-ADup_027-Ex1-12H-lcwgs-1-1	88.46128764936381	9.87830386431058	1.3915412827013827	0.22246867511080295	0.03736756643135371	0.006700391222173768	0.0015014254578115133	0.0003025260250814243	7.843267316925817e-05	8.963734076486646e-05	5.602333797804154e-05	3.361400278682492e-05	1.1204667595608308e-05	1.1204667595608308e-05	3.361400278682492e-05	1.1204667595608308e-05	0.0	0.0	0.0	2.2409335191216615e-05	1.1204667595608308e-05	2.2409335191216615e-05	2.2409335191216615e-05	3.361400278682492e-05	1.1204667595608308e-05	0.0	1.1204667595608308e-05	0.0	2.2409335191216615e-05	0.0	4.481867038243323e-05
Zdi-ADup_028-Ex1-9F-lcwgs-1-1	92.92614952663499	6.196986626438298	0.7357484185765757	0.11299903874746721	0.02068718194939643	0.004583979190315159	0.0011657533285715275	0.0005532388677966571	0.00025686090290559077	0.0001185511859564265	5.927559297821325e-05	0.0001185511859564265	1.9758530992737752e-05	9.879265496368877e-05	7.903412397095101e-05	7.903412397095101e-05	0.0	3.9517061985475503e-05	0.0	9.879265496368877e-05	1.9758530992737752e-05	0.0	1.9758530992737752e-05	0.0	0.0	1.9758530992737752e-05	0.0	0.0	0.0	0.0	9.879265496368877e-05
Zdi-ADup_029-Ex1-1A-lcwgs-1-1	94.56318461127438	4.633092884495503	0.6345177664974619	0.10241339389081842	0.028942915664796513	0.004452756256122539	0.008905512512245079	0.0022263781280612697	0.004452756256122539	0.0	0.0022263781280612697	0.0	0.0022263781280612697	0.0022263781280612697	0.0	0.0022263781280612697	0.004452756256122539	0.0	0.0022263781280612697	0.0	0.0	0.0	0.0022263781280612697	0.0	0.0	0.0	0.0	0.0	0.0	0.0	0.0
Zdi-ADup_030-Ex1-1B-lcwgs-1-1	93.27162053145804	5.919213813671885	0.6820459749509041	0.0977843691685884	0.0162973948614314	0.0065189579445725605	0.0008148697430715701	0.0	0.0008148697430715701	0.0	0.0008148697430715701	0.0	0.0008148697430715701	0.0	0.0	0.0	0.0	0.0	0.0	0.0	0.0	0.0008148697430715701	0.0	0.0016297394861431401	0.0	0.0	0.0	0.0	0.0	0.0	0.0008148697430715701
Zdi-ADup_031-Ex1-1C-lcwgs-1-1	93.84079326006311	5.311514058870436	0.6899421003363034	0.11787955483132823	0.019068751516832506	0.00924545528088849	0.0028892047752776527	0.0005778409550555306	0.0011556819101110611	0.0011556819101110611	0.0	0.0005778409550555306	0.0005778409550555306	0.0	0.0005778409550555306	0.0	0.0	0.0	0.0005778409550555306	0.0	0.0	0.0005778409550555306	0.0	0.0005778409550555306	0.0	0.0	0.0	0.0	0.0	0.0	0.0023113638202221223
Zdi-ADup_032-Ex1-1D-lcwgs-1-1	87.64121446732483	10.166067297340632	1.7122111001672127	0.35870536225576655	0.08555329042307075	0.02387933206587718	0.006699956478915179	0.0030350230203632866	0.0009734979499278467	0.0004008520970291133	0.00011452917057974666	0.00011452917057974666	5.726458528987333e-05	5.726458528987333e-05	0.0	0.00017179375586962	0.0	0.0	0.0	0.0	0.0	0.0	0.00011452917057974666	5.726458528987333e-05	5.726458528987333e-05	0.0	0.00011452917057974666	5.726458528987333e-05	0.0	5.726458528987333e-05	0.00028632292644936665
Zdi-ADup_033-Ex1-1E-lcwgs-1-1	93.66284041249463	5.569938488334062	0.6560981664716105	0.08472138485969745	0.014185906302088876	0.003546476575522219	0.0027583706698506147	0.0019702647641790102	0.0	0.00039405295283580205	0.0	0.0	0.0	0.00039405295283580205	0.00039405295283580205	0.0	0.0007881059056716041	0.0	0.0	0.0	0.00039405295283580205	0.00039405295283580205	0.00039405295283580205	0.0	0.0	0.0	0.0	0.0	0.0	0.0	0.0007881059056716041
Zdi-ADup_034-Ex1-1F-lcwgs-1-1	93.33982321271323	5.821198868977509	0.6992721179176405	0.10255000241512686	0.022293478785897148	0.006316485656004191	0.002600905858354667	0.0011146739392948572	0.00037155797976495244	0.0	0.0	0.0	0.0007431159595299049	0.00037155797976495244	0.00037155797976495244	0.0	0.0	0.00037155797976495244	0.0007431159595299049	0.0	0.00037155797976495244	0.0	0.0	0.00037155797976495244	0.0	0.00037155797976495244	0.0	0.0	0.0	0.0	0.0007431159595299049
Zdi-ADup_035-Ex1-1G-lcwgs-1-1	93.74671134339404	5.584861280789176	0.5740384956582129	0.07735630028032787	0.011760590868306728	0.002027688080742539	0.0007096908282598888	0.00020276880807425392	0.00040553761614850784	0.0	0.0	0.0	0.0	0.00010138440403712696	0.0	0.00010138440403712696	0.0	0.00010138440403712696	0.00020276880807425392	0.0	0.0	0.00020276880807425392	0.0	0.0	0.0	0.00010138440403712696	0.00010138440403712696	0.00010138440403712696	0.0	0.0	0.0009124596363341426
Zdi-ADup_036-Ex1-1H-lcwgs-1-1	94.19070407761897	5.146518945850269	0.5572308902582929	0.08096237052576373	0.013439097941523535	0.0036056116428477775	0.0009833486298675756	0.001311131506490101	0.0006555657532450505	0.0	0.0	0.0	0.00032778287662252526	0.00032778287662252526	0.0	0.0	0.00032778287662252526	0.0	0.0	0.0	0.0	0.0	0.0006555657532450505	0.0	0.00032778287662252526	0.0	0.0	0.0	0.0	0.0	0.002622263012980202
Zdi-ADup_037-Ex1-3D-lcwgs-1-1	94.09964298945809	5.101714324205989	0.6373985382775925	0.11872284530665858	0.026102185847563235	0.005894041965578795	0.0021050149877067125	0.0021050149877067125	0.00168401199016537	0.000842005995082685	0.0004210029975413425	0.0	0.0004210029975413425	0.0004210029975413425	0.0	0.0	0.000842005995082685	0.0	0.0	0.0	0.0004210029975413425	0.0	0.0004210029975413425	0.0	0.0	0.0	0.0	0.0	0.0	0.0	0.000842005995082685
Zdi-ADup_038-Ex1-2B-lcwgs-1-1	94.01950815350432	5.3123940797649984	0.5490904982487854	0.09038526720144617	0.01581742176025308	0.0030128422400482052	0.0015064211200241026	0.0007532105600120513	0.0007532105600120513	0.0007532105600120513	0.0015064211200241026	0.0	0.0	0.0	0.0	0.0	0.0	0.0	0.0	0.0007532105600120513	0.0	0.0	0.0015064211200241026	0.0	0.0007532105600120513	0.0	0.0	0.0	0.0007532105600120513	0.0	0.0007532105600120513
Zdi-ADup_039-Ex1-2C-lcwgs-1-1	93.94948412813311	5.235930547914797	0.6649873082973816	0.11195722461900762	0.019785544005945316	0.004825742440474467	0.00289544546428468	0.0009651484880948935	0.00048257424404744674	0.0009651484880948935	0.00048257424404744674	0.0009651484880948935	0.00048257424404744674	0.00048257424404744674	0.00048257424404744674	0.0	0.0	0.0	0.0	0.0	0.0	0.00048257424404744674	0.00048257424404744674	0.00048257424404744674	0.0	0.00048257424404744674	0.0	0.00048257424404744674	0.00048257424404744674	0.0	0.001930296976189787
Zdi-ADup_040-Ex1-2D-lcwgs-1-1	94.3005057162716	4.989254527878308	0.5927985363788159	0.08148982575557846	0.01717677699749938	0.005991898952616063	0.0027962195112208295	0.0003994599301744042	0.0	0.0011983797905232125	0.0003994599301744042	0.0	0.0007989198603488084	0.0011983797905232125	0.0	0.0007989198603488084	0.0003994599301744042	0.0	0.0	0.0007989198603488084	0.0	0.0003994599301744042	0.0	0.0	0.0	0.0	0.0	0.0	0.0	0.0	0.0035951393715696377
Zdi-ADup_041-Ex1-2E-lcwgs-1-1	94.45147489855735	4.834140248034421	0.5829380403811141	0.09389058073365283	0.018778116146730566	0.004082199162332731	0.004082199162332731	0.0	0.0	0.0008164398324665464	0.0	0.0016328796649330928	0.0	0.0008164398324665464	0.0	0.0	0.0008164398324665464	0.0008164398324665464	0.0	0.0	0.0	0.002449319497399639	0.0008164398324665464	0.0008164398324665464	0.0	0.0	0.0	0.0	0.0008164398324665464	0.0	0.0008164398324665464
Zdi-ADup_042-Ex1-2F-lcwgs-1-1	87.66828670449142	10.305607116526168	1.6394027083717087	0.30336286211456304	0.06240642274226559	0.014458909956643076	0.004174648396333196	0.0014474145899695389	0.0002742469749415968	0.00019806725968004216	6.094377220924374e-05	6.094377220924374e-05	1.5235943052310936e-05	4.57078291569328e-05	6.094377220924374e-05	0.0	3.047188610462187e-05	1.5235943052310936e-05	1.5235943052310936e-05	0.0	1.5235943052310936e-05	1.5235943052310936e-05	0.0	0.0	0.0	0.0	0.0	0.0	0.0	0.0	4.57078291569328e-05
Zdi-ADup_043-Ex1-2G-lcwgs-1-1	91.82740764085582	7.103581393147737	0.8902886843120098	0.13945372401856296	0.028595565069510383	0.007450957095576648	0.0014096405315955822	0.00020137721879936887	0.00010068860939968444	0.00010068860939968444	0.00010068860939968444	0.0	0.00020137721879936887	0.0	0.0	0.0	0.00010068860939968444	0.0	0.0	0.00020137721879936887	0.0	0.00010068860939968444	0.0	0.0	0.00020137721879936887	0.00010068860939968444	0.0	0.00010068860939968444	0.00010068860939968444	0.0	0.00020137721879936887
Zdi-ADup_044-Ex1-2H-lcwgs-1-1	89.21333078031417	9.182519309355055	1.3215739827073325	0.22402485534251476	0.04368136774480185	0.009921726596901895	0.0026801547170851874	0.0009019751451728997	0.0003865607765026713	0.00025770718433511415	0.0001803950290345799	0.0	0.00012885359216755708	0.00012885359216755708	2.5770718433511418e-05	0.0	2.5770718433511418e-05	0.0	0.0	2.5770718433511418e-05	0.0	5.1541436867022836e-05	0.0	0.0	0.0	2.5770718433511418e-05	0.0	2.5770718433511418e-05	0.0	0.0	0.00010308287373404567
Zdi-ADup_045-Ex1-3A-lcwgs-1-1	94.20491387055193	5.168157493847897	0.5355259560173431	0.06327877817272762	0.013280731221436661	0.002343658450841764	0.002343658450841764	0.0015624389672278427	0.0003906097418069607	0.0	0.0007812194836139214	0.001171829225420882	0.0	0.0003906097418069607	0.0	0.0007812194836139214	0.0	0.0003906097418069607	0.0	0.0	0.0	0.0003906097418069607	0.0007812194836139214	0.0	0.001171829225420882	0.0	0.0	0.0003906097418069607	0.0	0.0	0.0019530487090348033
Zdi-ADup_046-Ex1-3B-lcwgs-1-1	94.25434525143241	5.03424986396082	0.5785666271886304	0.08642489036842611	0.023206683524855158	0.008002304663743158	0.0008002304663743158	0.0016004609327486315	0.0016004609327486315	0.0008002304663743158	0.0	0.0008002304663743158	0.0008002304663743158	0.0008002304663743158	0.0008002304663743158	0.0008002304663743158	0.0	0.0	0.0016004609327486315	0.0008002304663743158	0.0	0.0	0.0	0.0	0.0008002304663743158	0.0	0.0	0.0	0.0	0.0	0.003200921865497263
Zdi-ADup_047-Ex1-3C-lcwgs-1-1	91.76081763152695	7.140559402876864	0.9120628083141329	0.14900318907647414	0.02841266290334959	0.0050620261494473415	0.001469620495000841	0.0003265823322224091	0.00040822791527801136	0.0	0.00040822791527801136	0.0	0.00024493674916680684	0.0	0.0	0.0	8.164558305560227e-05	8.164558305560227e-05	0.0	0.0	8.164558305560227e-05	8.164558305560227e-05	0.0	8.164558305560227e-05	0.0	0.0	8.164558305560227e-05	0.0	8.164558305560227e-05	0.0	0.0006531646644448182
Zdi-CDup_001-Ex1-5D-lcwgs-1-1	91.71769740745425	6.754409251990599	1.1445614622734797	0.26636354079994584	0.07269319374339658	0.024587403766148843	0.008819394829162086	0.0037415614426748243	0.0012471871475582747	0.0006235935737791374	0.0008017631662874625	8.908479625416249e-05	0.0005345087775249749	0.00035633918501664995	0.00026725438876248745	0.00026725438876248745	0.00026725438876248745	8.908479625416249e-05	0.00035633918501664995	0.00017816959250832498	8.908479625416249e-05	8.908479625416249e-05	0.00017816959250832498	8.908479625416249e-05	0.00017816959250832498	8.908479625416249e-05	8.908479625416249e-05	8.908479625416249e-05	0.0	0.0	0.0011581023513041124
Zdi-CDup_002-Ex1-5E-lcwgs-1-1	92.77827367355688	5.94044096458367	0.9537598661784241	0.2319386557397789	0.05693039731794572	0.009839821758657287	0.007731288524659295	0.00421706646799598	0.0014056888226653265	0.0007028444113326632	0.0014056888226653265	0.0	0.0	0.0014056888226653265	0.0007028444113326632	0.0007028444113326632	0.0	0.0007028444113326632	0.0	0.0	0.00210853323399799	0.0	0.0	0.0	0.0	0.0007028444113326632	0.0	0.0007028444113326632	0.0	0.0	0.00632559970199397
Zdi-CDup_003-Ex1-5F-lcwgs-1-1	90.23309678027498	7.765553625426238	1.4695914858853683	0.36777192754085064	0.10638154616824443	0.036956739667449195	0.010174325090633785	0.004488672834103141	0.0017954691336412563	0.0007481121390171901	0.0005984897112137521	0.00014962242780343802	0.00014962242780343802	0.00014962242780343802	0.0	0.00014962242780343802	0.00014962242780343802	0.0	0.0	0.00014962242780343802	0.0	0.0	0.00014962242780343802	0.0	0.00029924485560687604	0.00014962242780343802	0.0	0.0	0.0	0.00029924485560687604	0.0010473569946240662
Zdi-CDup_004-Ex1-5G-lcwgs-1-1	91.93056072077636	6.508879891659007	1.1318265702076302	0.289798123679945	0.07367748907117246	0.028769305256362575	0.012630426697915278	0.0028067614884256173	0.003508451860532022	0.0014033807442128086	0.0014033807442128086	0.0	0.0014033807442128086	0.0	0.0	0.0007016903721064043	0.0	0.0	0.0	0.0	0.0007016903721064043	0.0	0.0007016903721064043	0.0014033807442128086	0.0007016903721064043	0.0007016903721064043	0.0	0.0	0.0014033807442128086	0.0	0.007016903721064044
Zdi-CDup_005-Ex1-5H-lcwgs-1-1	87.86099462075319	9.37842263118112	1.9765591772242557	0.533517269343582	0.16759185598339288	0.053825523765869444	0.018896780605622537	0.005894914066477	0.0021486135382486264	0.0007712971675764302	0.00011018530965377571	0.00016527796448066357	5.509265482688786e-05	0.00016527796448066357	0.00011018530965377571	5.509265482688786e-05	0.0	0.0	0.00011018530965377571	0.0	0.0	5.509265482688786e-05	0.0	0.0	0.0	0.0	0.0	0.0	0.0	0.0	0.0005509265482688786
Zdi-CDup_006-Ex1-6A-lcwgs-1-1	87.43673561040069	9.50094463065353	2.1492257790704645	0.6153325252734255	0.19492191954591892	0.06595367724080851	0.02371863526440841	0.008435251946573994	0.0026452009588559563	0.0009111247747170516	0.0003820845829458604	0.0001469556088253309	5.878224353013237e-05	5.878224353013237e-05	2.9391121765066184e-05	2.9391121765066184e-05	0.0	0.0	2.9391121765066184e-05	2.9391121765066184e-05	2.9391121765066184e-05	0.0	0.0	2.9391121765066184e-05	5.878224353013237e-05	0.0	0.0	2.9391121765066184e-05	0.0	0.0	0.00026452009588559566
Zdi-CDup_007-Ex1-6B-lcwgs-1-1	91.45905060448898	6.968397509840006	1.1841468032086786	0.28353306858506433	0.068065547210017	0.022453705741984905	0.008541213556755044	0.0027296661882413023	0.0007044299840622717	0.0006163762360544877	0.00017610749601556792	8.805374800778396e-05	8.805374800778396e-05	0.0	8.805374800778396e-05	0.0	8.805374800778396e-05	0.00017610749601556792	0.0	0.0	0.0	8.805374800778396e-05	0.0	8.805374800778396e-05	0.0	0.0	0.0	8.805374800778396e-05	8.805374800778396e-05	0.0	0.0007044299840622717
Zdi-CDup_008-Ex1-6C-lcwgs-1-1	90.46420055220884	7.424620356425702	1.5024943524096386	0.41552930471887545	0.1266785893574297	0.04039595883534136	0.014315072791164658	0.005686809738955824	0.001960968875502008	0.0007843875502008031	0.00019609688755020078	0.0	0.0	0.00019609688755020078	0.0	0.00019609688755020078	0.0	0.0	0.00019609688755020078	0.00019609688755020078	0.00019609688755020078	0.00019609688755020078	0.0005882906626506025	0.0	0.0	0.00019609688755020078	0.0	0.0	0.00019609688755020078	0.0	0.000980484437751004
Zdi-CDup_010-Ex1-6D-lcwgs-1-1	88.54392665595718	8.723132855205067	1.919730326835347	0.5468086592435476	0.17435384677594262	0.05723570302132462	0.021394463171747546	0.0074623299379119445	0.0024261762359713713	0.0006984446739917583	0.0005514036899934934	0.0004411229519947948	0.0002205614759973974	0.00033084221399609605	0.00014704098399826492	0.00018380122999783115	7.352049199913246e-05	3.676024599956623e-05	0.00014704098399826492	3.676024599956623e-05	0.0	7.352049199913246e-05	7.352049199913246e-05	0.0	0.0	3.676024599956623e-05	3.676024599956623e-05	0.0	3.676024599956623e-05	0.0001102807379986987	0.00029408196799652985
Zdi-CDup_011-Ex1-6E-lcwgs-1-1	88.10589297820572	8.99774284093581	2.02411011113587	0.5891038496602434	0.18810447367885705	0.06296958110325923	0.019444401076964345	0.007616906504601605	0.002507428849340901	0.0009461995657890191	0.0003784798263156077	0.0002365498914472548	4.7309978289450964e-05	0.0001419299348683529	4.7309978289450964e-05	4.7309978289450964e-05	0.0	9.461995657890193e-05	9.461995657890193e-05	9.461995657890193e-05	0.0	0.0	0.0	0.0	4.7309978289450964e-05	0.0	0.0	4.7309978289450964e-05	0.0	0.0	0.0002838598697367058
Zdi-CDup_012-Ex1-6F-lcwgs-1-1	89.62020545049742	8.157603641180284	1.6215511653467858	0.4178057097765127	0.1197756672209227	0.03822252909844151	0.012505988783361045	0.00475579855141899	0.0017614068708959219	0.0012329848096271454	0.0008807034354479609	0.0003522813741791844	0.0001761406870895922	0.0001761406870895922	0.0001761406870895922	0.0	0.0	0.0001761406870895922	0.0003522813741791844	0.0	0.0003522813741791844	0.0001761406870895922	0.0	0.0001761406870895922	0.0	0.0	0.0	0.0	0.0	0.0	0.0015852661838063296
Zdi-CDup_013-Ex1-6G-lcwgs-1-1	91.06841981957116	7.0483422178432615	1.3671768440038383	0.3588036881681435	0.10430339772329754	0.029204951362523306	0.008986138880776403	0.0041721359089319015	0.0006418670629126001	0.0006418670629126001	0.0006418670629126001	0.0009628005943689002	0.0006418670629126001	0.0006418670629126001	0.00032093353145630005	0.0	0.0009628005943689002	0.00032093353145630005	0.00032093353145630005	0.00032093353145630005	0.00032093353145630005	0.0	0.0	0.0	0.0	0.0	0.0	0.00032093353145630005	0.0	0.00032093353145630005	0.003209335314563001
Zdi-CDup_014-Ex1-6H-lcwgs-1-1	91.22012371736886	7.103716089653974	1.2604186654240106	0.29491150644627795	0.08417166927076195	0.023135330720100874	0.007821423023857167	0.002521860694608152	0.0012426559944445968	0.00032893835147062856	0.0003654870571895873	0.00029238964575166985	0.00010964611715687617	3.654870571895873e-05	0.00010964611715687617	0.0	3.654870571895873e-05	7.309741143791746e-05	3.654870571895873e-05	3.654870571895873e-05	3.654870571895873e-05	0.0	0.0	3.654870571895873e-05	0.0	3.654870571895873e-05	0.0	7.309741143791746e-05	0.0	0.0	0.00032893835147062856
Zdi-CDup_015-Ex1-7A-lcwgs-1-1	92.71610067569046	5.885660555359447	1.0333721732991374	0.25053339872609076	0.07216111609192889	0.02061746174055111	0.004998172543163906	0.004061015191320673	0.002186700487634209	0.0012495431357909764	0.0009371573518432324	0.0	0.0006247715678954882	0.0006247715678954882	0.0009371573518432324	0.0	0.0003123857839477441	0.0	0.0006247715678954882	0.0006247715678954882	0.0006247715678954882	0.0	0.0	0.0	0.0	0.0	0.0	0.0003123857839477441	0.0	0.0	0.0034362436234251855
Zdi-CDup_016-Ex1-7B-lcwgs-1-1	91.24350964888733	7.131365361284909	1.2298811976948554	0.2833726347808925	0.07595265867043562	0.02301028821789059	0.008091015979055025	0.002151368410615787	0.0009821464483245985	0.00032738214944153286	0.0001870755139665902	4.676887849164755e-05	4.676887849164755e-05	4.676887849164755e-05	9.35377569832951e-05	4.676887849164755e-05	4.676887849164755e-05	4.676887849164755e-05	0.0	9.35377569832951e-05	9.35377569832951e-05	0.0	0.0	4.676887849164755e-05	4.676887849164755e-05	0.0	9.35377569832951e-05	0.0	0.0	4.676887849164755e-05	0.0003741510279331804
Zdi-CDup_017-Ex1-7C-lcwgs-1-1	92.09424656885804	6.484333164697772	1.086959737520229	0.23860452594177042	0.0647915575712929	0.014792593052806599	0.007988000248515564	0.0019230370968648578	0.0016271852358087258	0.000591703722112264	0.000295851861056132	0.00044377779158419795	0.000147925930528066	0.00044377779158419795	0.000147925930528066	0.000147925930528066	0.000295851861056132	0.000147925930528066	0.000147925930528066	0.0	0.000147925930528066	0.000295851861056132	0.0	0.000147925930528066	0.0	0.0	0.000147925930528066	0.0	0.000147925930528066	0.0	0.0010354815136964619
Zdi-CDup_018-Ex1-7D-lcwgs-1-1	89.8877201480041	7.9510915632287915	1.5670844376304953	0.4117586558235705	0.12220522675605416	0.03683383078426674	0.013122368876375632	0.004053241351776257	0.0017226275745049092	0.0010639758548412676	0.000709317236560845	0.00030399310138321927	0.0002533275844860161	0.00030399310138321927	0.0002533275844860161	0.00015199655069160964	5.066551689720321e-05	0.00010133103379440642	0.00010133103379440642	5.066551689720321e-05	5.066551689720321e-05	0.0	0.00010133103379440642	5.066551689720321e-05	5.066551689720321e-05	0.0	5.066551689720321e-05	0.0	0.0	0.0	0.0007599827534580482
Zdi-CDup_019-Ex1-7E-lcwgs-1-1	90.12302431778035	7.825338574943378	1.5021476267380751	0.38640178455809954	0.11107676971528675	0.03414457754789403	0.01090305383237761	0.004214625851171177	0.001130008380386475	0.0005802745737119737	0.0004275707385246122	9.16223011124169e-05	6.10815340749446e-05	6.10815340749446e-05	6.10815340749446e-05	0.0	6.10815340749446e-05	3.05407670374723e-05	0.0	0.0	6.10815340749446e-05	0.0	0.0	0.0	0.0	0.0	3.05407670374723e-05	0.0	0.0	0.0	0.0001527038351873615
Zdi-CDup_020-Ex1-7F-lcwgs-1-1	92.04953384468376	6.358952506391881	1.1879858474729474	0.2756901939516025	0.07231218202009246	0.025825779292890164	0.01097595619947832	0.000645644482322254	0.002582577929289016	0.0	0.0032282224116112705	0.0	0.0	0.0019369334469667623	0.001291288964644508	0.000645644482322254	0.001291288964644508	0.000645644482322254	0.0	0.0	0.0	0.0	0.0	0.0	0.000645644482322254	0.0	0.0	0.0	0.000645644482322254	0.0	0.005165155858578032
Zdi-CDup_021-Ex1-7G-lcwgs-1-1	90.25730457138604	7.708437764588432	1.4903305433514324	0.3831275598821103	0.10879104060568022	0.03341800163158479	0.01114869466196568	0.00362262370628104	0.0012075412354270133	0.0005616470862451225	0.00022465883449804895	0.00022465883449804895	0.0001404117715612806	8.424706293676837e-05	2.808235431225612e-05	8.424706293676837e-05	8.424706293676837e-05	0.0001404117715612806	2.808235431225612e-05	2.808235431225612e-05	8.424706293676837e-05	5.616470862451224e-05	2.808235431225612e-05	0.0	2.808235431225612e-05	2.808235431225612e-05	8.424706293676837e-05	2.808235431225612e-05	0.0	0.0	0.0006458941491818908
Zdi-CDup_022-Ex1-7H-lcwgs-1-1	91.54973109970946	6.884259545445179	1.1916253370169425	0.2673945123101333	0.0738623845503984	0.019337362478859667	0.007608142614633311	0.002060538624796522	0.00015850297113819399	0.00047550891341458196	0.00015850297113819399	0.0	0.00031700594227638797	0.0	0.0	0.0	0.00015850297113819399	0.00015850297113819399	0.00015850297113819399	0.0	0.0	0.0	0.0	0.00015850297113819399	0.0	0.0	0.0	0.0	0.0	0.00015850297113819399	0.002219041595934716
Zdi-CDup_023-Ex1-8A-lcwgs-1-1	92.45996768032907	6.113192302042016	1.033862200675775	0.25341560158660204	0.060599382988100484	0.029381519024533564	0.007345379756133391	0.007345379756133391	0.0	0.0	0.0036726898780666956	0.0036726898780666956	0.0	0.0	0.0	0.0018363449390333478	0.0	0.0036726898780666956	0.0	0.0	0.0	0.0	0.0	0.0	0.0018363449390333478	0.0	0.0	0.0	0.0	0.0	0.02019979432936683
Zdi-CDup_024-Ex1-8B-lcwgs-1-1	90.20315122366675	7.695198016081761	1.500463415245109	0.35820745973297263	0.11272262718869767	0.042584103604619124	0.03005936725031938	0.01502968362515969	0.005009894541719897	0.0	0.0	0.0	0.0	0.0	0.0	0.0	0.0025049472708599486	0.0	0.0	0.0025049472708599486	0.0025049472708599486	0.0	0.0	0.005009894541719897	0.0	0.0025049472708599486	0.0	0.0	0.0	0.0	0.022544525437739535
Zdi-CDup_025-Ex1-8C-lcwgs-1-1	91.92016739095446	6.535758356134985	1.1331079993561886	0.274692848328773	0.08047642040882022	0.015022265142979774	0.005365094693921348	0.009657170449058426	0.0	0.0010730189387842695	0.0010730189387842695	0.0010730189387842695	0.0010730189387842695	0.0010730189387842695	0.0010730189387842695	0.0010730189387842695	0.0010730189387842695	0.005365094693921348	0.0	0.0	0.0010730189387842695	0.0010730189387842695	0.0010730189387842695	0.0	0.0010730189387842695	0.0	0.0	0.0	0.002146037877568539	0.0	0.005365094693921348
Zdi-CDup_026-Ex1-8D-lcwgs-1-1	91.33156405158991	6.968750306033512	1.2515546502404198	0.312986593283911	0.08402456102553053	0.03016266293224173	0.007834457904478372	0.004700674742687023	0.0021544759237315525	0.0007834457904478373	0.0009793072380597965	0.00039172289522391865	0.00019586144761195933	0.00019586144761195933	0.0	0.00039172289522391865	0.0	0.00019586144761195933	0.0	0.00019586144761195933	0.0	0.0	0.0	0.0	0.0	0.0	0.0	0.00019586144761195933	0.0	0.0	0.00274206026656743
Zdi-CDup_027-Ex1-8E-lcwgs-1-1	92.47975977802272	6.0739670835075446	1.0433691892508268	0.2280588391805086	0.07601961306016952	0.028507354897563574	0.00950245163252119	0.00950245163252119	0.005701470979512714	0.0019004903265042383	0.0019004903265042383	0.005701470979512714	0.0038009806530084765	0.0038009806530084765	0.0	0.0019004903265042383	0.0	0.0	0.0	0.0	0.0	0.0019004903265042383	0.0	0.0	0.0019004903265042383	0.0	0.0	0.0	0.0	0.0	0.022805883918050857
Zdi-CDup_028-Ex1-8F-lcwgs-1-1	88.20918893044613	8.850612946932019	1.992584599657626	0.6425598546127198	0.19552642040614326	0.062471096976236644	0.019471510745839995	0.00811312947743333	0.003245251790973332	0.0024339388432299994	0.001622625895486666	0.0	0.001622625895486666	0.0	0.000811312947743333	0.001622625895486666	0.0	0.0	0.000811312947743333	0.001622625895486666	0.000811312947743333	0.0	0.0	0.0	0.0	0.000811312947743333	0.0	0.0	0.000811312947743333	0.0	0.003245251790973332
Zdi-CDup_029-Ex1-8G-lcwgs-1-1	88.41321633957534	8.78505746026582	1.9740304477212052	0.5578573684059441	0.16745289789200724	0.053584927325442316	0.018180600342560783	0.008611863320160371	0.0019137474044800826	0.0009568737022400413	0.0009568737022400413	0.0009568737022400413	0.0019137474044800826	0.0009568737022400413	0.002870621106720124	0.0	0.0009568737022400413	0.0	0.0019137474044800826	0.0	0.0	0.0	0.0	0.0	0.0	0.0	0.0019137474044800826	0.0	0.0009568737022400413	0.0	0.005741242213440248
Zdi-CDup_030-Ex1-8H-lcwgs-1-1	92.0766590389016	6.301078783916313	1.0992154298790455	0.30647270349787514	0.09398496240601503	0.04086302713305002	0.012258908139915006	0.004086302713305002	0.008172605426610004	0.0	0.0	0.0	0.004086302713305002	0.008172605426610004	0.004086302713305002	0.0	0.004086302713305002	0.0	0.0	0.0	0.004086302713305002	0.0	0.004086302713305002	0.0	0.004086302713305002	0.0	0.0	0.0	0.0	0.0	0.02451781627983001
Zdi-CDup_031-Ex1-9A-lcwgs-1-1	89.76326954938536	8.039307198394992	1.5910672005000417	0.4142702099833858	0.12824188136102582	0.041316228876212426	0.012925747581384893	0.005401115953650116	0.002262005826742356	0.0005077972264115494	0.00027698030531539056	4.616338421923175e-05	0.0	4.616338421923175e-05	4.616338421923175e-05	0.0	0.0002308169210961588	0.0	0.0	4.616338421923175e-05	0.0	0.0	4.616338421923175e-05	4.616338421923175e-05	4.616338421923175e-05	0.0	9.23267684384635e-05	0.0	0.0	0.0	0.0005077972264115494
Zdi-CDup_032-Ex1-9B-lcwgs-1-1	91.07131209914121	7.076312642678552	1.3506902924230895	0.3195999565170127	0.11740406565931079	0.028807479073812373	0.014675508207413849	0.0043482987281226225	0.0010870746820306556	0.0038047613871072944	0.0010870746820306556	0.0	0.002717686705076639	0.0005435373410153278	0.0005435373410153278	0.0	0.0005435373410153278	0.0	0.0005435373410153278	0.0005435373410153278	0.0	0.0	0.0	0.0	0.0	0.0	0.0	0.0005435373410153278	0.0	0.0005435373410153278	0.0043482987281226225
Zdi-CDup_033-Ex1-9C-lcwgs-1-1	91.68246031880092	6.782317866252259	1.1563993851455212	0.26440994803015716	0.07308435105262862	0.023085195632956648	0.007882749728326663	0.003040489180925998	0.002477435628902665	0.0006756642624279996	0.000563053552023333	0.0	0.00011261071040466658	0.00011261071040466658	0.00022522142080933316	0.00022522142080933316	0.00022522142080933316	0.0003378321312139998	0.00011261071040466658	0.00011261071040466658	0.00022522142080933316	0.0	0.0	0.0	0.00011261071040466658	0.0	0.00022522142080933316	0.00022522142080933316	0.0	0.0	0.001351328524855999
